100 100 5
61 25 28 93 51 67 15 35 102 60 54 43 104 39 78 86 68 29 63 14 92 47 44 35 53 77 97 101 47 47 68 63 63 51 32 69 72 68 15 83 29 48 79 31 78 79 22 101 48 56 59 24 100 62 6 30 88 55 37 61 57 28 13 26 25 26 90 34 45 39 65 53 39 34 17 19 64 42 4 21 33 82 86 30 22 74 60 66 43 76 40 41 94 76 99 26 26 16 35 77 
46 26 28 76 53 60 21 33 82 43 47 24 85 18 58 68 49 8 63 16 71 34 41 15 39 56 77 82 48 45 55 57 58 36 11 60 56 48 22 64 10 28 65 22 59 58 26 81 35 46 38 14 80 53 24 14 70 41 18 44 37 29 31 19 32 24 69 30 38 19 49 48 35 29 15 8 51 32 25 31 31 64 65 23 18 58 39 48 40 56 19 20 73 59 79 17 13 27 14 64 
84 46 49 116 68 88 24 56 124 83 76 59 127 58 100 97 91 50 81 37 113 69 65 57 76 97 119 124 65 67 91 84 84 61 51 91 95 89 36 97 47 70 102 41 92 96 25 123 58 78 80 38 122 83 25 52 111 65 53 84 74 49 26 37 23 33 110 38 67 56 88 75 61 40 39 37 86 51 19 18 55 105 103 52 44 97 80 79 64 91 61 62 115 88 121 38 42 18 56 99 
54 80 80 55 97 82 81 79 34 45 76 47 47 47 23 43 32 56 98 77 17 61 80 53 56 10 27 45 91 84 61 82 83 54 54 76 50 27 83 31 58 43 62 66 30 14 82 32 57 68 32 67 32 75 88 60 47 54 52 49 32 81 94 70 87 75 12 75 73 48 49 78 77 72 75 68 63 63 89 89 77 40 11 71 73 50 25 40 81 27 45 45 18 42 30 68 63 87 50 66 
63 68 69 80 92 89 52 72 69 55 78 19 79 27 49 25 49 38 99 60 53 61 77 41 60 36 62 77 87 82 73 87 88 18 33 85 66 43 66 21 34 42 79 35 16 24 52 67 21 73 39 39 67 81 67 49 72 16 25 59 12 70 74 40 55 44 48 41 71 24 61 80 72 38 59 43 73 28 65 59 69 64 30 62 60 68 25 6 77 15 31 33 54 16 65 38 36 58 34 81 
49 15 14 80 17 40 48 14 98 54 30 64 95 55 78 107 66 44 30 25 94 35 19 43 42 83 96 93 15 19 51 36 36 77 50 45 60 68 20 102 51 50 62 60 97 92 55 98 75 37 61 52 97 38 29 35 77 81 59 52 74 13 25 56 59 59 93 66 25 59 55 28 18 66 25 45 46 71 36 55 16 74 97 22 23 62 70 88 18 94 53 51 95 99 96 55 52 50 49 57 
49 87 86 31 95 72 100 83 2 43 71 71 16 67 22 75 32 72 92 89 15 62 79 66 55 31 5 15 90 83 51 74 75 82 72 65 39 33 93 63 77 52 45 89 62 46 103 1 84 63 42 88 0 67 101 71 25 82 74 45 58 87 106 92 108 97 20 99 73 70 43 74 79 97 86 86 55 89 104 110 81 24 43 77 83 38 47 71 81 59 62 61 14 74 2 89 84 106 66 51 
33 58 58 44 74 61 65 57 38 24 54 36 45 31 14 53 13 38 77 57 26 38 57 32 34 12 32 42 69 62 42 61 62 48 37 56 32 8 62 42 42 21 45 54 39 26 68 36 50 47 10 52 36 54 69 39 36 49 38 28 25 59 74 56 73 62 23 64 51 34 29 56 55 61 54 51 43 54 71 74 55 28 29 49 52 33 12 41 58 35 27 26 27 49 34 54 48 71 32 48 
18 25 24 51 40 34 48 22 64 19 23 41 63 30 42 79 30 24 44 29 58 6 23 17 11 47 60 60 34 28 27 33 33 56 29 33 29 32 32 71 33 15 37 48 66 58 54 63 56 19 25 42 62 27 42 14 46 60 37 18 44 25 45 47 60 52 57 58 17 35 23 25 19 56 26 36 23 56 47 58 20 41 63 16 22 31 37 61 23 63 25 22 59 71 61 45 39 53 24 36 
14 44 42 33 40 16 75 35 57 23 17 66 50 56 44 98 34 51 36 53 59 21 28 43 17 56 57 48 37 30 5 18 19 81 55 10 17 39 54 88 60 35 14 75 84 72 81 57 81 11 38 69 56 11 65 41 32 84 63 18 64 42 66 74 86 79 61 85 23 61 17 20 30 83 50 63 4 82 71 84 36 32 75 37 45 18 54 82 30 80 50 47 59 92 56 72 66 80 50 10 
29 16 13 60 21 26 51 6 79 34 14 55 76 45 59 96 47 36 28 27 75 16 5 31 23 66 76 73 15 10 32 23 23 70 41 29 40 50 26 89 44 34 43 57 84 77 58 78 69 18 44 50 77 22 37 24 58 74 51 32 61 13 37 55 63 59 75 66 6 50 35 13 1 65 25 43 27 67 44 60 7 54 82 13 20 42 55 77 5 81 41 39 76 88 77 53 48 55 38 39 
56 15 17 89 33 54 34 23 103 59 43 57 102 50 81 100 69 38 46 16 96 41 31 40 49 83 100 100 30 33 61 50 50 67 43 58 68 71 10 96 42 51 72 49 91 89 41 102 65 47 62 41 102 51 14 32 85 72 51 58 69 16 9 44 44 45 95 53 35 52 62 41 28 53 18 34 56 60 21 39 23 80 95 24 19 70 68 80 30 88 49 48 97 91 101 44 42 35 44 68 
60 45 48 87 73 78 21 53 87 55 65 14 93 18 63 53 56 20 82 34 73 51 60 28 54 56 80 90 67 64 70 76 76 18 16 77 68 53 40 52 11 39 79 5 47 52 21 85 16 63 45 8 84 71 37 32 80 23 11 57 30 48 45 9 25 14 69 15 57 14 62 66 55 13 34 14 67 12 35 28 50 73 59 43 37 70 38 34 60 46 24 27 74 44 83 7 7 27 22 79 
52 67 68 65 89 80 61 69 52 43 71 27 62 29 33 32 35 40 93 62 36 54 72 39 52 19 45 60 83 77 62 79 80 33 36 76 53 29 68 22 39 34 66 46 18 11 62 50 36 65 28 48 50 72 71 47 57 33 32 48 11 69 78 50 66 55 31 54 66 29 50 73 68 51 60 49 62 42 71 69 67 49 18 59 60 55 13 21 72 14 29 31 37 27 48 48 44 67 34 69 
28 60 59 34 72 56 71 57 30 19 50 45 35 39 7 62 6 44 73 61 22 37 56 37 31 16 26 33 67 60 35 56 57 58 44 50 24 4 65 51 49 24 36 62 48 34 75 29 60 43 13 60 28 49 73 43 26 59 47 23 35 60 78 64 81 70 22 72 49 43 23 53 54 70 58 58 37 64 76 81 56 18 35 51 55 25 22 51 57 44 34 33 23 58 27 62 56 78 38 40 
28 55 54 41 70 56 64 53 38 19 49 37 43 31 14 58 9 36 72 54 28 34 53 30 29 16 33 41 64 57 37 56 57 50 36 51 27 4 59 47 41 18 40 54 44 31 67 37 52 42 6 52 36 49 66 36 33 52 38 23 28 55 71 56 73 62 26 64 46 35 24 52 50 62 52 50 38 56 69 74 51 25 34 45 49 29 15 45 54 40 26 25 29 53 35 54 48 70 30 43 
63 59 61 85 86 86 39 65 78 56 74 11 87 21 56 36 53 30 94 50 63 58 71 35 59 46 72 84 80 76 73 84 85 6 25 84 68 49 56 35 23 41 81 21 30 37 38 76 8 70 42 26 76 78 55 42 77 9 16 59 18 62 62 26 41 30 59 27 67 16 63 76 66 25 49 31 72 14 52 45 62 69 44 54 51 70 30 16 71 29 26 30 64 26 74 25 24 44 28 82 
68 41 44 98 69 80 5 50 101 64 67 32 106 33 77 70 69 28 80 28 89 56 59 36 61 72 95 103 64 63 77 77 77 34 27 81 77 67 33 70 22 49 87 14 65 69 4 100 31 67 58 11 99 74 25 36 92 38 27 66 47 44 33 9 10 7 85 14 58 30 71 67 54 15 30 14 73 25 20 11 48 85 76 42 35 79 54 51 58 64 37 39 90 61 98 11 16 9 33 86 
33 25 26 64 48 50 34 28 71 30 37 27 73 17 47 69 37 8 56 21 61 22 33 4 26 47 66 70 43 38 42 48 48 42 13 49 43 36 26 62 17 16 52 32 57 53 39 70 41 35 27 26 69 42 33 4 58 46 22 31 35 27 38 31 45 36 59 42 29 21 36 38 28 40 18 21 39 40 36 44 25 51 59 17 17 45 32 49 33 54 14 12 63 60 68 29 23 39 10 51 
22 46 45 43 61 50 57 44 46 13 41 34 49 26 22 62 12 29 64 46 37 25 44 22 22 25 41 46 56 49 32 49 50 49 30 45 25 11 50 52 35 9 38 49 48 38 61 44 50 34 3 46 44 42 58 28 36 51 34 17 29 46 63 51 67 56 36 60 38 31 20 44 41 57 43 43 32 53 61 67 42 28 42 36 40 27 18 47 45 45 21 18 38 56 42 48 42 63 24 40 
11 33 31 43 44 33 55 28 56 11 24 43 55 33 35 78 23 29 47 37 51 8 27 21 5 42 53 52 38 32 21 33 33 59 33 30 22 26 40 69 38 14 31 53 64 55 61 55 59 18 21 48 54 26 50 21 38 62 41 11 43 32 53 52 66 58 51 63 20 38 15 26 25 61 34 42 18 60 54 65 27 33 59 23 30 24 34 61 28 61 27 24 52 71 54 50 44 60 27 30 
64 79 80 74 101 92 69 81 57 55 83 34 69 39 42 21 46 50 105 73 40 66 84 50 64 27 50 67 95 89 74 92 92 35 46 88 64 40 79 10 48 46 77 52 7 9 69 55 38 77 40 55 55 84 81 59 66 33 40 59 20 81 88 56 72 61 35 59 78 38 61 85 80 56 71 58 74 45 80 76 79 59 14 71 71 66 25 18 85 4 40 42 41 19 53 55 52 74 45 80 
60 76 77 70 97 88 68 78 53 51 79 33 65 37 37 26 41 48 102 70 36 62 80 47 60 22 46 63 91 85 70 87 88 36 44 83 60 36 76 14 46 43 73 51 11 6 68 51 39 73 35 54 51 80 79 56 62 35 39 55 18 78 86 56 72 60 32 59 74 36 57 82 77 56 68 57 70 46 79 75 75 54 12 68 68 61 21 21 81 8 37 39 38 23 49 54 50 74 42 76 
23 62 60 14 59 33 90 54 43 28 37 74 33 65 38 99 32 64 53 70 49 37 48 55 31 52 44 31 56 49 16 35 36 89 67 26 15 38 72 88 72 44 5 87 85 70 96 43 90 30 42 82 42 30 82 56 17 92 73 25 69 61 84 87 101 92 52 97 42 70 21 39 50 95 67 77 21 92 88 100 54 21 71 55 62 13 56 86 49 81 59 56 50 94 43 85 78 95 61 10 
13 42 39 34 39 16 72 33 58 22 16 64 52 54 44 97 34 49 35 51 59 19 26 41 16 56 57 49 35 28 6 17 18 80 53 11 18 39 51 87 58 34 16 73 83 72 79 58 80 9 38 67 57 10 63 39 34 83 61 18 63 40 64 72 84 77 61 83 21 59 17 18 28 81 48 61 3 80 69 82 34 33 74 35 43 19 53 81 28 79 48 45 60 91 57 70 64 77 48 12 
46 33 35 75 59 64 23 39 78 42 51 17 83 11 54 61 46 6 69 23 67 36 46 14 40 51 73 80 54 50 56 61 62 30 4 63 55 44 30 57 4 26 66 18 52 52 27 77 28 49 35 13 76 57 31 17 69 34 11 44 30 35 38 17 33 23 64 28 43 12 49 52 40 26 22 10 53 26 31 33 36 62 58 29 24 57 33 41 45 49 14 16 68 52 75 15 9 30 10 65 
46 76 75 46 90 74 80 74 28 38 69 48 39 46 15 51 25 54 91 74 11 54 74 49 49 6 21 37 85 78 53 75 76 57 52 68 42 20 79 39 57 38 53 67 37 21 82 26 60 61 27 67 25 67 85 57 38 57 52 41 34 76 91 70 87 76 7 76 67 48 41 72 71 74 72 67 55 65 87 89 72 31 20 66 69 42 24 45 75 34 43 43 13 49 24 68 63 86 48 58 
77 76 77 96 102 101 52 81 85 69 90 27 95 37 65 24 64 47 110 66 68 73 87 51 74 52 78 93 96 92 88 100 100 14 41 99 81 59 72 28 39 55 94 34 25 38 49 83 16 86 54 40 82 94 70 58 88 9 32 73 27 78 77 39 51 41 63 36 83 33 76 92 82 34 65 47 86 23 66 56 79 80 44 71 67 83 40 12 87 26 42 45 69 15 81 39 39 56 44 96 
33 65 64 35 77 60 75 62 27 24 55 47 34 42 3 60 11 48 78 65 17 42 61 41 36 13 21 31 72 65 39 61 62 59 47 55 28 9 70 49 52 29 40 65 46 31 79 25 61 48 17 63 25 53 77 47 27 60 49 28 36 65 82 67 84 73 17 75 54 45 27 58 59 72 63 62 42 65 80 85 61 19 32 56 60 28 23 51 62 43 37 36 18 57 23 65 59 81 42 44 
50 22 25 81 50 60 17 31 89 48 47 32 91 26 65 75 55 16 61 10 79 36 39 21 42 64 84 88 45 43 58 57 57 42 19 61 60 54 16 72 17 35 69 25 67 66 24 88 40 47 45 17 87 54 16 17 76 47 26 49 45 25 23 21 29 24 76 32 38 27 53 47 34 31 10 10 54 36 17 27 28 70 73 22 15 62 47 55 38 64 27 27 80 66 86 20 17 22 22 67 
40 37 34 63 14 16 74 27 88 49 18 79 81 69 73 118 62 60 5 49 89 34 19 55 38 83 87 79 15 15 36 13 12 94 65 23 48 66 46 110 69 54 44 81 106 97 81 88 93 25 62 74 87 20 57 48 63 98 75 45 84 34 54 79 86 82 90 90 23 73 46 15 25 88 48 67 32 91 64 82 30 63 101 37 43 49 76 100 20 102 64 62 89 111 87 77 72 77 62 38 
62 35 38 93 63 74 5 45 97 59 61 30 101 29 73 70 64 23 74 23 85 50 53 31 55 69 91 98 58 57 71 71 71 35 23 75 72 62 27 69 18 44 81 15 64 67 10 95 32 61 53 9 95 68 22 30 86 39 24 61 45 39 29 10 16 11 82 19 52 27 65 61 48 18 24 9 67 26 18 15 42 80 74 36 29 74 51 51 52 63 33 34 86 61 93 10 13 11 28 80 
4 45 43 28 48 28 71 39 47 11 25 57 43 47 32 86 22 45 47 52 47 19 34 36 12 44 46 40 44 37 8 29 30 72 48 22 8 27 54 76 53 26 15 68 72 60 77 47 73 17 27 63 46 22 64 37 25 75 55 7 54 44 66 68 82 74 49 79 27 52 5 28 34 76 49 58 9 74 69 81 38 22 63 37 44 9 42 72 35 69 41 38 48 81 46 66 60 76 42 16 
26 47 47 46 64 53 56 46 46 17 44 31 50 24 22 58 14 28 67 46 36 28 47 22 25 23 41 48 58 52 36 53 53 46 29 49 29 11 51 49 34 10 41 47 45 34 60 45 47 38 2 45 44 45 58 28 38 48 32 21 26 48 63 49 65 55 34 58 40 28 24 47 44 55 44 42 36 50 61 66 44 30 39 38 41 30 14 43 48 41 19 17 37 52 43 47 40 62 23 43 
32 29 26 58 15 14 66 19 81 40 9 69 75 59 65 109 53 50 14 41 81 25 10 45 28 74 80 73 12 7 30 11 10 84 56 20 41 57 39 100 59 45 39 72 96 87 73 81 84 17 53 65 80 14 50 39 57 88 65 36 74 26 49 70 78 73 81 81 13 64 38 6 16 79 39 58 25 82 57 74 21 56 91 28 35 42 66 91 11 92 54 52 81 101 80 68 63 69 52 34 
58 64 65 76 88 84 50 67 66 50 73 16 76 23 45 29 44 34 94 56 50 56 72 36 55 33 59 73 82 77 68 82 83 19 29 80 61 39 62 24 30 37 74 33 19 24 50 64 21 68 34 36 64 76 63 44 68 18 22 54 7 66 70 38 54 42 46 40 67 20 57 75 67 38 54 40 68 28 62 57 65 60 30 57 55 63 20 11 72 17 26 28 51 21 62 36 33 56 30 76 
43 31 28 68 6 22 68 22 92 51 20 76 86 66 76 117 64 57 8 44 92 35 16 52 39 84 91 84 8 11 41 19 18 91 62 29 52 68 40 110 65 54 50 77 105 97 75 92 90 28 63 69 91 25 50 45 68 95 72 47 82 28 47 74 80 77 92 85 22 71 49 17 21 84 43 62 36 87 57 76 25 67 101 33 38 53 76 99 16 102 62 60 92 109 91 72 68 71 59 44 
10 44 42 31 42 20 73 36 54 19 19 63 48 53 40 94 30 49 39 52 55 20 30 41 15 52 53 45 39 32 2 21 22 79 53 14 14 36 54 84 58 33 13 73 80 69 80 54 79 12 35 67 53 14 64 40 30 82 61 15 61 43 66 72 85 77 57 83 24 58 14 22 31 81 50 62 3 80 70 83 36 29 71 37 45 15 50 79 31 77 47 44 56 89 53 70 64 78 47 10 
27 53 52 42 68 55 62 51 40 18 47 35 45 29 16 58 10 34 70 52 30 32 51 28 28 18 35 42 62 56 36 55 56 49 34 50 27 6 57 48 39 16 40 52 44 32 65 39 51 40 4 50 38 47 64 34 34 51 37 22 27 53 69 54 71 60 29 63 44 33 24 50 48 60 49 48 37 54 67 72 49 26 35 43 47 29 15 45 52 40 24 23 31 53 37 52 46 68 28 43 
55 32 34 85 60 69 12 40 90 52 56 25 94 22 66 67 57 16 70 20 78 43 48 24 48 62 84 91 55 53 64 66 66 33 16 69 65 55 25 65 12 37 74 15 60 62 17 88 31 55 46 7 88 62 23 23 79 38 19 53 40 35 30 11 22 15 75 22 47 22 58 56 43 21 20 1 61 26 21 22 38 72 68 31 24 67 44 48 48 58 26 27 79 58 86 10 8 18 21 73 
74 79 80 89 104 100 60 83 75 65 89 30 86 38 57 14 59 49 110 70 58 72 88 52 72 43 68 84 98 93 84 99 99 22 44 97 76 53 76 16 44 53 89 42 13 27 58 73 25 84 50 47 73 92 76 60 81 19 35 69 23 81 83 47 61 50 53 46 83 35 72 91 83 44 69 52 84 33 74 65 80 73 32 73 70 78 35 6 88 14 42 45 59 5 71 46 45 65 45 92 
6 36 34 38 44 30 60 31 53 9 22 48 51 38 34 81 22 34 45 41 50 10 28 26 3 43 51 49 39 32 16 30 31 63 38 27 17 26 44 71 43 17 26 58 67 57 66 53 64 15 22 53 52 23 54 26 34 66 45 7 47 35 57 58 71 63 50 68 21 43 11 25 27 66 38 48 14 64 59 70 30 30 60 27 34 19 37 65 29 64 32 29 51 74 51 55 49 65 32 25 
36 77 75 11 80 55 97 71 20 34 56 73 11 66 25 87 28 69 75 81 30 50 66 61 43 40 23 8 76 69 35 57 58 86 70 48 25 32 85 75 76 48 27 90 73 58 101 21 88 49 40 86 20 51 94 64 7 88 74 34 63 76 97 91 107 97 34 100 60 71 30 59 66 97 79 83 40 92 98 107 70 12 57 68 74 23 50 79 67 70 61 59 30 85 21 89 82 103 64 33 
35 39 36 55 21 8 76 29 81 43 14 77 74 67 67 115 56 59 12 51 82 31 20 53 33 78 81 71 20 17 29 6 5 93 64 15 41 61 49 107 68 51 36 82 102 92 83 81 92 20 58 74 80 14 60 47 56 97 73 39 81 36 58 79 87 83 84 90 22 72 40 13 25 89 49 67 26 91 67 84 31 56 96 37 45 42 72 98 21 99 62 59 83 108 80 77 72 79 60 31 
73 65 67 95 92 94 39 72 88 65 82 20 97 30 66 36 63 37 101 54 72 66 78 43 68 55 81 94 87 83 83 93 93 4 32 93 78 59 60 38 29 50 91 21 34 45 36 86 4 79 52 28 86 87 57 49 87 4 23 69 28 68 65 26 38 28 68 23 74 25 73 84 73 21 54 35 81 10 54 43 69 80 51 61 57 80 40 20 78 34 35 39 73 27 84 26 27 43 36 92 
47 29 31 77 56 62 20 36 82 44 49 22 86 16 58 65 49 8 66 19 71 36 43 16 40 55 77 83 51 48 57 60 60 33 9 62 57 47 25 62 8 29 67 19 57 57 25 81 32 48 38 12 80 56 26 16 71 38 16 46 35 32 33 17 30 22 68 28 41 17 50 50 38 26 18 7 53 29 26 30 33 64 63 26 21 59 38 46 43 54 18 19 72 57 79 15 10 26 14 66 
37 13 14 69 39 46 31 19 80 37 33 37 81 28 57 80 46 17 48 11 72 23 26 16 29 59 76 78 33 30 44 43 44 50 22 47 48 47 15 74 24 27 55 36 69 65 38 79 49 33 38 29 78 40 23 8 64 54 31 37 46 15 27 34 43 38 71 45 24 31 41 34 21 43 8 22 40 46 28 41 16 59 71 9 5 50 44 60 25 66 26 24 73 71 77 32 27 36 21 53 
5 46 45 28 51 32 70 40 45 8 28 54 41 45 28 83 18 43 50 52 44 20 36 35 13 40 43 38 47 39 11 33 34 70 47 26 6 23 54 73 52 24 17 67 69 57 76 44 70 20 24 62 43 25 65 36 24 72 53 5 51 45 67 67 81 72 45 77 29 50 1 31 36 75 49 57 13 72 69 80 39 20 59 38 45 9 39 69 37 65 39 36 45 77 43 65 58 76 40 18 
23 31 28 49 24 11 66 22 72 32 2 65 66 55 56 103 45 47 22 42 72 18 13 41 21 66 71 64 20 14 21 9 9 81 52 13 32 49 41 94 56 38 31 70 89 80 73 72 80 8 45 63 71 6 53 36 49 84 61 28 68 29 52 68 78 73 73 79 11 60 29 4 17 78 40 57 16 79 59 75 23 47 84 27 35 33 59 85 14 86 50 47 73 96 71 66 61 70 48 26 
46 9 8 77 21 40 43 11 95 50 29 58 92 50 74 102 62 38 33 20 89 31 18 37 38 78 91 89 17 19 49 37 36 71 44 44 57 64 15 96 45 45 60 55 91 86 51 94 69 35 56 47 93 37 25 29 74 75 53 48 68 7 22 51 55 53 89 61 23 53 51 28 16 60 20 40 44 66 32 50 12 71 92 17 17 59 65 82 17 88 47 46 90 93 92 50 47 46 43 56 
34 42 39 53 24 6 78 32 79 43 16 79 71 69 66 116 55 61 15 54 81 32 23 55 33 77 79 69 24 20 28 6 5 94 66 13 40 60 52 107 70 52 34 84 103 92 85 79 94 21 58 77 78 13 63 49 54 98 75 39 81 39 62 81 90 86 83 93 24 73 39 15 28 91 52 70 25 93 70 87 34 55 96 40 47 41 72 99 24 99 64 60 82 109 79 80 75 82 62 28 
28 67 66 21 74 53 83 62 22 23 51 59 22 52 12 75 14 56 72 70 23 41 59 48 34 27 20 19 70 63 32 55 56 72 57 47 19 18 74 63 62 35 28 76 60 45 88 21 74 43 26 73 20 47 83 52 13 74 60 25 49 67 87 77 93 83 26 86 52 56 22 54 58 83 67 70 35 77 86 94 61 6 45 58 64 19 36 65 60 57 47 45 23 71 20 75 69 90 50 34 
78 40 43 111 62 82 22 50 120 78 70 56 122 54 96 96 86 46 75 31 109 64 59 52 70 93 115 119 59 61 85 78 78 60 47 85 89 85 30 95 44 65 96 40 91 94 25 118 57 72 76 36 118 77 19 47 106 64 51 78 72 43 20 35 24 32 107 38 61 53 83 69 55 40 34 33 81 50 13 18 49 100 100 47 39 91 76 77 58 89 57 57 110 87 116 36 39 17 52 93 
25 17 16 58 34 35 43 14 72 27 22 43 71 33 50 83 39 24 40 22 66 11 18 18 18 55 69 68 28 23 32 32 33 58 29 35 37 40 24 76 33 22 43 47 71 65 50 71 57 21 33 40 70 28 34 12 54 62 38 26 49 16 37 45 55 49 65 56 13 37 30 23 13 54 19 33 28 56 40 53 12 49 70 7 14 39 43 65 18 68 28 26 67 75 70 43 37 48 25 41 
36 36 33 59 16 12 73 26 84 45 14 77 77 66 69 115 58 58 9 49 85 31 18 52 34 79 83 75 16 14 32 9 8 92 63 19 44 62 46 107 67 51 40 80 102 93 80 84 91 22 59 72 83 16 57 46 59 96 72 41 81 33 55 77 85 81 86 88 21 71 42 12 23 87 47 65 28 89 64 81 29 59 97 35 42 45 72 98 18 99 62 59 86 108 83 76 71 76 59 34 
53 38 40 82 65 71 20 45 83 49 58 15 88 14 59 58 51 13 75 27 70 43 52 21 47 54 77 85 60 57 63 68 69 24 9 70 62 49 34 55 4 33 73 11 50 52 23 81 23 56 40 7 81 64 33 24 75 29 9 51 30 41 40 11 28 17 67 21 49 12 55 59 47 19 27 9 60 20 31 29 42 68 59 35 30 64 36 38 52 48 19 21 72 49 79 9 3 26 16 72 
36 64 63 43 79 64 70 62 33 27 58 40 41 36 11 53 15 43 80 62 20 43 62 38 38 8 27 39 73 66 44 64 65 52 42 59 33 9 67 42 47 26 46 58 39 24 73 32 53 50 15 57 31 57 74 45 35 52 43 31 28 64 79 61 78 67 18 68 55 39 31 60 59 65 60 56 45 58 76 79 60 27 26 54 57 34 16 43 63 35 32 31 22 49 29 59 53 76 37 50 
19 59 57 15 58 33 85 52 41 23 35 69 32 60 33 94 27 59 53 66 46 34 46 51 27 48 41 30 55 48 14 35 36 84 62 26 10 33 68 83 67 39 5 82 80 66 91 41 85 28 37 77 40 29 79 51 15 87 68 21 64 58 81 82 96 88 49 93 40 65 16 38 47 90 64 73 19 87 84 95 52 17 67 51 59 8 51 81 47 76 54 51 46 89 41 80 74 91 56 11 
68 75 76 83 99 94 59 79 69 60 84 27 80 34 51 17 52 46 106 67 52 67 83 48 66 37 62 78 93 88 78 94 94 23 40 91 70 47 73 14 41 48 83 41 10 22 58 67 26 79 44 46 67 87 74 56 75 20 33 64 18 77 81 46 61 50 48 47 78 32 66 86 79 44 66 50 78 33 72 65 76 67 27 69 67 72 29 5 84 10 37 40 54 10 65 45 43 64 41 86 
30 40 37 50 25 3 76 30 76 39 13 76 68 65 63 112 52 58 17 52 78 29 21 51 30 74 76 66 24 19 24 2 2 91 63 10 37 57 50 103 67 48 31 81 99 89 83 76 91 17 54 74 75 9 62 46 51 95 72 35 78 37 60 79 88 83 79 90 21 70 35 12 26 89 50 67 21 90 69 85 32 51 92 37 45 37 69 95 22 96 60 57 79 106 75 77 72 80 59 25 
66 30 33 98 55 72 13 40 107 65 59 45 109 42 83 87 73 33 68 19 96 52 49 39 58 81 102 106 51 52 73 69 68 51 35 74 77 72 20 85 32 52 85 31 80 82 19 106 49 61 63 25 105 67 9 35 93 56 39 66 60 33 15 26 22 25 94 32 50 42 70 59 45 33 22 21 69 42 2 17 38 87 89 35 27 79 64 67 48 78 44 45 98 78 104 26 28 12 39 82 
14 28 26 46 36 26 55 22 63 18 16 49 60 38 43 86 31 32 38 34 59 2 19 25 6 51 60 57 30 23 20 25 26 64 37 25 25 34 36 77 42 21 31 56 72 64 62 62 64 11 29 50 61 19 47 22 42 68 46 16 51 27 49 55 67 60 59 66 12 43 19 18 17 64 32 44 16 64 52 65 21 38 68 19 27 27 42 68 20 69 33 30 60 79 61 53 47 60 32 28 
48 10 10 80 22 43 42 14 97 52 32 59 95 51 76 102 64 39 35 20 92 34 21 39 41 80 94 92 19 22 52 39 39 71 45 47 60 66 14 97 45 47 63 54 92 88 50 96 70 37 58 47 96 40 24 31 77 76 53 51 69 9 20 50 53 53 91 60 25 54 54 31 18 60 20 40 47 66 31 49 14 73 94 19 18 62 66 83 19 89 49 47 93 94 95 50 47 44 44 59 
14 54 52 19 56 32 79 47 41 17 32 63 35 54 30 89 22 53 52 61 44 28 42 45 21 44 41 32 52 45 11 34 35 78 56 25 4 28 63 78 61 33 9 76 75 61 85 41 79 25 31 71 40 27 73 46 17 81 62 15 58 53 76 76 90 82 46 86 36 59 10 35 43 84 58 67 16 81 78 90 47 16 63 46 53 3 46 76 43 71 48 45 44 84 40 74 68 85 50 13 
38 60 60 50 78 66 62 60 42 29 58 32 50 29 19 47 20 37 81 57 28 42 61 33 39 11 35 47 72 66 48 66 67 43 35 62 38 14 63 36 39 23 51 50 33 21 65 40 45 51 14 50 39 59 68 40 42 44 35 33 19 61 74 53 70 59 24 60 54 31 35 61 58 57 55 49 48 50 70 72 58 34 25 51 53 39 7 35 62 29 25 25 29 42 38 51 45 69 30 54 
57 80 80 60 98 85 78 80 40 48 78 44 52 45 28 37 36 55 101 76 23 62 81 52 58 13 33 51 92 86 65 85 86 50 52 80 54 30 82 25 55 44 66 63 24 9 79 38 52 71 34 64 38 78 87 60 52 49 49 52 28 81 93 67 84 72 18 71 75 46 52 81 78 68 74 66 66 59 87 86 78 45 6 71 73 54 24 35 82 22 44 44 24 36 36 65 60 84 49 70 
50 90 89 25 94 70 106 85 9 46 71 80 6 74 30 86 37 79 90 93 26 64 80 71 57 41 16 7 90 83 50 72 73 91 79 63 39 39 97 74 84 58 42 97 73 57 111 11 93 63 48 95 11 66 106 76 22 92 82 47 68 89 110 99 116 105 31 108 74 78 44 74 80 105 91 93 54 98 110 117 84 25 54 81 87 37 56 81 82 70 69 68 25 85 13 97 91 113 73 48 
63 73 74 76 96 90 61 76 62 54 80 27 73 33 44 21 46 44 102 66 45 63 80 45 62 30 55 71 91 85 73 89 90 27 40 86 64 40 73 14 41 43 77 44 9 15 61 60 30 74 38 48 60 82 74 53 68 25 33 58 14 75 81 49 64 53 41 51 74 31 61 82 76 48 65 51 73 37 73 68 74 60 21 66 65 66 23 11 80 6 35 37 47 16 58 47 44 67 39 80 
54 48 50 78 74 75 32 54 75 47 63 2 82 10 52 45 47 19 82 39 61 47 60 24 49 44 69 79 69 65 64 73 74 16 13 73 60 43 45 42 13 31 72 17 37 40 33 73 16 60 35 19 73 68 45 30 71 19 4 50 18 51 53 21 37 26 57 26 55 5 54 65 55 24 38 22 62 17 44 40 51 63 47 43 40 62 26 25 60 35 16 19 62 36 71 19 15 38 17 73 
18 41 41 42 56 45 55 39 49 10 36 36 50 27 26 67 14 28 59 42 41 20 39 20 16 30 44 48 50 44 28 44 45 51 30 41 23 15 47 57 35 7 35 50 53 43 60 48 52 29 9 46 47 37 55 24 36 54 35 14 33 42 59 50 66 56 40 60 32 32 17 38 36 58 39 42 27 54 58 66 37 29 47 32 36 25 23 51 40 49 21 18 42 60 46 48 42 62 23 36 
51 85 85 42 97 78 92 82 17 44 75 61 31 58 19 60 31 66 97 85 3 62 81 60 56 19 10 30 92 85 57 79 80 70 65 72 44 29 90 48 69 48 54 80 47 32 95 15 72 67 37 80 15 72 97 67 35 70 64 47 47 86 102 83 100 88 6 89 74 61 46 78 79 86 82 79 60 78 99 102 81 31 28 76 80 44 37 57 82 45 55 54 2 60 13 81 75 99 60 59 
45 41 39 66 16 19 79 32 92 54 23 85 84 75 78 124 67 65 3 54 93 40 25 60 43 88 92 82 19 20 40 17 16 100 71 26 52 71 51 116 74 60 47 87 111 102 86 92 99 30 68 79 91 25 61 54 67 104 80 50 89 38 58 84 90 87 95 95 29 79 51 21 30 94 53 72 37 97 68 86 35 67 106 42 48 53 81 106 25 108 70 67 94 117 91 82 78 81 67 41 
46 83 82 33 92 71 94 79 9 40 69 65 21 61 17 69 28 67 90 84 9 58 77 60 52 24 2 19 87 80 50 73 74 76 66 65 37 27 89 57 71 48 45 83 56 40 98 7 78 61 37 82 6 65 96 66 26 76 68 42 52 83 101 86 103 92 14 93 70 64 40 72 75 90 81 81 53 83 99 104 78 23 37 73 78 37 40 65 78 53 57 55 9 68 4 84 78 100 61 51 
19 49 47 31 42 16 80 40 57 27 21 71 49 61 47 103 38 57 36 59 61 27 33 49 23 60 58 47 40 33 9 19 20 87 61 9 20 43 59 92 66 41 12 81 89 76 87 58 87 17 43 75 57 14 70 47 32 90 69 23 70 47 71 80 92 85 63 91 28 66 21 23 35 89 56 69 10 88 76 90 41 33 79 43 51 20 59 88 34 85 56 52 61 97 57 78 72 85 56 6 
73 66 68 95 93 95 40 72 87 66 83 20 96 30 66 35 63 38 102 55 72 67 79 44 68 55 81 94 87 84 83 93 93 4 32 93 78 58 61 38 30 50 91 22 34 44 37 86 5 79 52 29 85 87 58 50 87 4 23 69 27 69 66 27 39 29 67 24 75 25 73 84 74 22 55 36 81 11 55 44 70 79 50 62 57 80 40 19 79 34 36 39 73 26 83 27 28 44 37 92 
39 47 48 61 69 64 45 49 58 31 53 16 64 11 34 48 29 20 75 42 45 36 53 18 36 28 52 61 63 58 49 62 63 31 18 61 43 25 48 41 22 17 56 34 36 31 48 56 32 48 17 33 56 56 52 27 53 33 18 34 13 49 59 36 53 42 42 44 47 14 38 55 48 41 40 32 48 35 53 55 47 45 37 39 39 45 11 31 53 33 9 10 46 41 54 34 28 52 14 57 
68 55 57 94 82 87 27 62 91 62 75 17 98 25 68 48 62 29 92 43 76 60 69 37 63 59 84 95 77 74 78 85 85 12 25 86 75 59 49 49 20 46 87 9 44 52 24 89 9 72 51 16 88 80 45 41 87 16 17 65 31 58 53 14 27 16 72 13 66 20 69 76 64 10 43 23 76 3 41 31 59 79 58 52 46 77 42 30 69 43 31 34 77 39 87 14 16 31 30 87 
26 63 62 25 72 52 78 59 25 20 49 53 27 47 8 71 9 50 71 65 23 38 56 43 31 23 22 25 67 60 31 54 55 67 51 46 19 12 69 59 57 30 30 70 56 42 83 25 68 41 21 67 24 46 78 48 17 68 55 22 44 63 82 72 88 78 25 81 49 51 20 52 55 78 63 65 34 72 82 88 58 9 42 54 59 19 31 60 57 53 42 40 24 67 23 69 63 85 45 34 
39 27 28 69 52 55 28 32 75 35 43 23 77 14 51 66 41 3 61 20 64 28 38 7 32 49 69 75 47 43 48 53 53 37 8 55 48 40 26 60 12 21 58 26 55 53 34 73 36 41 31 20 72 48 30 9 63 41 18 37 33 29 36 25 39 30 62 36 34 17 41 44 33 34 18 15 45 35 32 39 29 56 59 21 18 50 33 46 38 53 13 13 65 57 71 23 17 34 8 57 
62 33 36 94 61 73 4 43 99 60 60 34 102 32 75 75 66 25 72 21 87 49 51 32 55 71 94 100 56 55 71 70 70 39 25 74 72 64 25 73 21 46 82 19 68 71 11 98 36 61 55 13 97 67 18 30 88 43 28 61 49 36 25 14 16 14 85 22 51 31 66 60 46 22 22 11 67 30 14 14 40 81 77 35 27 75 54 55 51 66 35 36 89 65 96 14 16 9 30 80 
25 22 19 55 22 21 56 12 75 31 8 57 71 47 56 97 44 38 26 32 72 14 6 33 19 64 73 68 17 10 26 18 18 72 44 23 35 48 32 89 47 33 38 61 84 76 63 74 72 12 42 54 73 16 43 27 53 76 53 28 62 19 43 59 68 63 72 70 1 52 31 8 7 68 30 47 21 70 49 65 13 50 80 17 25 37 55 78 7 81 42 40 73 89 73 57 52 60 40 33 
22 40 40 46 57 47 52 39 51 14 38 32 53 23 27 64 17 24 61 40 42 21 40 17 19 30 46 51 51 45 32 47 47 48 26 44 27 17 45 55 31 4 39 46 50 41 57 50 48 32 8 42 49 40 52 22 39 50 31 17 30 41 57 47 62 52 41 56 34 28 21 40 37 54 38 39 31 50 56 62 37 32 46 31 35 29 20 48 41 47 17 15 43 57 48 44 38 58 20 40 
70 32 35 103 55 74 19 42 112 70 62 51 114 48 88 93 78 39 68 23 102 56 51 45 62 87 107 111 52 53 77 71 70 57 41 77 81 78 22 91 38 58 88 37 86 88 23 111 54 64 69 31 110 70 11 40 98 61 45 70 66 35 13 32 25 30 100 37 53 48 75 61 47 38 26 27 72 48 6 19 41 92 95 38 31 83 70 73 50 84 50 51 103 83 109 32 34 16 45 85 
55 83 83 54 99 83 85 82 31 46 77 51 44 51 24 46 34 60 100 81 14 63 82 56 58 13 24 43 93 87 62 84 85 58 58 77 50 29 86 34 62 46 62 71 34 18 87 29 61 70 35 71 29 76 92 64 46 58 56 50 36 84 98 74 91 79 9 79 75 52 50 80 80 76 78 72 64 67 93 93 80 40 14 74 77 51 29 44 83 31 49 49 15 46 27 72 67 91 54 66 
71 76 78 87 101 97 58 80 73 63 86 27 84 36 55 17 56 47 108 67 57 69 85 49 69 41 66 82 95 90 81 96 97 21 41 94 74 50 74 17 41 50 87 40 13 26 56 71 24 81 47 45 71 89 74 57 79 17 33 67 20 78 81 45 59 48 52 45 80 32 69 88 80 42 66 50 81 31 71 64 78 71 31 70 68 75 32 3 85 14 39 42 58 8 69 44 43 63 42 89 
16 36 36 44 51 41 53 34 53 11 32 37 54 27 30 70 19 26 54 38 46 15 34 17 13 35 49 51 45 39 27 40 41 52 28 38 24 20 42 61 34 6 35 49 57 47 58 52 53 25 13 44 51 33 51 21 38 55 35 13 36 37 55 49 64 54 45 59 28 32 17 34 31 57 35 40 25 54 54 63 32 32 52 27 32 26 26 54 35 53 21 18 47 63 50 47 40 59 22 35 
64 71 72 81 95 90 55 75 68 56 80 22 79 30 49 22 49 41 101 63 52 63 79 43 62 36 61 76 89 84 75 89 90 20 36 87 67 44 69 18 37 43 80 38 13 22 55 66 23 75 40 42 66 83 70 51 72 18 28 60 14 73 77 43 58 47 47 44 74 27 63 82 74 41 61 46 74 30 68 62 72 64 28 64 62 69 25 5 79 12 33 36 53 14 64 41 39 61 37 82 
57 42 44 85 69 75 20 49 85 52 62 15 91 17 62 56 55 17 79 31 72 48 56 25 51 55 79 88 64 61 67 72 73 21 13 74 65 52 37 54 8 36 76 7 49 53 21 84 19 60 43 6 83 68 34 28 78 26 10 55 30 45 42 8 25 14 69 17 53 13 59 63 51 15 30 11 64 16 32 28 46 71 59 39 33 67 38 36 56 47 22 24 74 47 82 6 4 26 19 76 
41 54 54 59 75 67 52 55 53 32 57 20 60 18 30 44 27 27 80 49 39 41 58 25 39 22 47 58 69 63 51 66 67 33 25 64 44 22 55 35 29 21 57 39 31 24 54 51 34 52 17 39 51 59 59 33 51 34 23 36 10 55 66 42 59 47 35 49 52 20 39 60 54 46 47 39 50 38 60 61 53 43 30 46 46 45 4 28 59 27 16 17 40 37 49 40 34 58 21 59 
53 44 46 79 71 73 28 50 78 47 61 7 84 10 54 50 48 16 79 34 64 45 57 22 48 47 72 81 65 61 63 71 72 18 10 72 60 45 41 47 8 31 72 14 42 45 29 76 17 58 36 14 76 66 40 27 72 23 2 50 22 47 48 16 33 22 61 24 53 6 54 62 51 21 34 17 61 17 39 36 47 65 51 40 36 62 30 30 56 40 16 19 66 41 74 14 10 34 15 72 
36 9 10 69 35 43 34 14 81 37 30 41 81 32 59 84 47 21 44 11 74 22 22 19 28 61 77 78 29 26 43 40 40 54 26 44 47 48 14 78 28 29 54 40 73 69 41 80 53 31 40 33 80 37 24 11 64 59 35 37 50 11 26 37 46 41 73 48 21 35 41 30 17 47 9 26 38 50 29 43 12 59 74 5 4 50 47 64 22 70 29 28 75 75 79 36 31 38 25 51 
21 25 22 51 25 19 58 16 71 28 6 57 67 47 53 96 41 39 27 35 69 12 9 33 16 61 69 65 20 13 23 17 17 73 44 20 32 45 35 87 48 32 34 62 83 74 65 71 72 8 40 55 70 13 46 28 49 76 53 25 61 22 46 60 70 64 69 71 4 52 27 8 11 70 32 49 18 71 52 67 16 47 78 19 27 34 53 78 11 79 42 39 70 88 70 58 53 62 40 30 
38 13 14 71 39 47 30 19 82 38 34 37 82 28 59 80 48 17 49 9 73 24 27 17 31 60 77 79 34 31 46 44 44 50 22 48 49 48 14 75 24 28 57 36 70 66 37 81 49 35 39 28 80 41 22 9 66 54 31 38 47 15 26 33 42 37 72 44 25 31 43 34 21 43 6 21 41 46 27 40 16 60 72 9 4 51 45 60 26 67 26 25 75 72 79 31 27 35 22 54 
70 81 82 81 104 97 67 84 64 61 87 34 76 41 49 15 52 52 109 74 47 70 88 53 69 34 57 74 98 93 79 96 97 32 47 93 70 46 80 6 48 50 83 50 1 16 67 62 35 81 45 54 62 89 81 61 73 29 40 65 22 83 89 55 70 59 42 56 82 38 67 90 83 53 72 58 80 42 80 74 81 65 20 74 73 72 30 14 88 3 43 45 48 12 60 53 51 73 47 86 
39 46 43 56 25 11 83 36 84 49 21 84 75 74 71 122 61 66 13 58 86 38 27 60 39 83 84 73 26 24 33 11 11 100 72 17 45 66 56 113 75 57 38 89 108 98 90 84 99 26 63 82 83 19 67 55 58 104 81 44 87 43 65 86 95 90 88 98 29 79 44 20 33 96 57 75 30 98 74 91 38 59 101 44 52 45 78 104 28 105 69 66 87 115 83 85 80 86 67 32 
19 60 58 17 64 42 81 54 32 17 40 60 28 52 21 82 16 53 61 64 34 33 49 45 26 36 31 25 59 52 20 43 44 75 55 35 8 22 67 71 61 32 17 75 68 54 86 32 76 33 27 71 31 36 77 48 11 77 60 17 53 59 80 76 91 82 37 86 43 57 13 43 49 83 62 68 24 79 82 91 53 7 55 51 57 7 41 71 51 64 47 44 35 78 31 74 67 87 49 22 
23 46 43 38 36 9 79 37 64 32 17 73 56 63 53 107 43 58 30 57 67 27 28 50 25 65 65 54 34 28 14 12 13 89 62 2 26 48 56 97 67 44 19 82 93 81 86 65 89 15 48 75 64 9 68 47 39 92 71 28 73 44 68 80 91 85 69 91 25 68 26 19 32 89 54 69 13 89 74 89 38 40 84 41 49 26 63 91 30 89 58 54 68 101 64 78 72 84 57 13 
54 63 64 71 86 80 52 66 61 46 70 18 70 22 40 31 40 34 92 56 45 53 70 34 52 28 54 68 80 75 64 79 80 23 29 77 57 34 62 24 31 33 70 36 19 20 53 59 26 65 30 39 59 72 64 43 63 23 23 50 4 65 71 40 57 45 41 44 64 21 52 72 65 41 54 41 64 32 63 60 63 55 27 55 54 59 15 15 70 16 24 26 47 24 57 39 35 58 28 72 
55 63 64 72 86 81 52 66 62 47 71 17 71 23 41 31 41 34 92 56 46 54 70 35 53 29 55 69 80 75 65 80 81 22 29 78 58 35 62 24 31 34 71 36 19 21 52 60 25 65 31 38 60 73 64 43 64 22 23 51 4 65 71 40 56 45 42 44 65 21 53 73 66 41 54 41 65 31 63 60 64 56 27 56 55 59 16 14 70 16 25 27 47 23 58 38 35 58 29 73 
23 22 20 53 24 21 56 13 73 29 8 56 69 46 54 95 42 38 28 33 70 12 8 32 17 62 71 66 19 12 25 18 19 71 43 23 34 46 32 87 47 31 36 60 82 74 63 72 71 11 40 53 71 15 44 26 51 75 52 26 60 20 44 58 68 63 70 69 1 50 29 9 8 68 30 47 20 69 50 65 14 48 79 17 25 35 53 77 9 79 41 38 71 88 71 57 51 60 39 32 
66 58 58 53 33 56 10 13 2 82 27 15 88 91 77 36 53 35 42 14 84 51 58 34 20 59 66 37 71 63 83 33 12 61 58 98 53 42 13 72 36 46 79 60 67 10 16 48 37 72 62 43 44 28 88 88 80 46 77 68 10 74 68 31 41 36 86 64 72 0 63 92 80 52 40 96 83 0 84 25 66 94 55 96 83 68 32 23 39 81 35 27 86 42 89 98 51 98 9 27 