40 100 5
94 77 108 96 86 60 50 65 76 90 60 38 87 38 19 59 11 49 47 57 53 70 70 21 81 73 74 93 50 31 7 54 62 41 15 92 91 54 81 36 99 68 13 71 56 75 88 37 85 81 62 44 64 81 100 56 65 19 16 113 51 55 40 54 36 24 36 37 65 53 51 70 91 8 73 45 59 8 82 41 8 77 58 54 63 36 27 37 84 92 71 76 17 19 85 87 76 87 56 57 
81 86 96 74 79 28 39 83 46 48 88 51 44 63 41 38 36 3 10 39 74 30 51 48 77 54 88 86 30 59 53 86 89 26 34 72 82 62 46 30 79 61 34 59 50 71 72 61 55 60 52 20 33 35 81 70 67 33 34 98 7 54 43 10 49 34 14 12 72 9 14 25 57 39 86 27 54 51 38 52 49 44 20 8 33 61 35 50 46 77 57 46 34 41 54 88 72 41 14 39 
65 47 77 69 55 46 26 37 57 79 38 6 76 14 47 38 34 52 43 36 26 59 45 51 50 47 45 62 33 12 31 37 40 27 37 65 60 22 63 21 72 39 35 42 28 44 60 12 64 56 35 34 48 76 72 26 34 21 39 83 50 25 13 59 5 48 47 37 34 50 45 64 72 33 43 30 30 39 73 10 39 59 49 55 46 11 51 6 69 63 43 56 40 47 64 56 46 80 50 36 
75 45 85 83 63 66 45 30 76 99 22 23 96 8 57 57 45 72 63 54 18 80 62 59 58 63 39 69 53 9 34 17 24 48 49 78 69 29 82 41 85 51 48 56 43 53 72 10 82 71 50 55 68 97 84 25 41 38 51 92 70 39 32 78 24 60 64 57 37 70 66 85 90 43 40 50 44 44 94 25 45 78 70 75 66 10 63 23 89 74 58 74 52 57 82 59 54 100 71 54 
37 5 42 51 23 63 43 19 60 88 37 38 87 40 91 49 77 85 72 47 27 75 42 95 18 42 14 27 54 47 74 45 35 56 81 46 28 22 67 53 50 26 79 31 33 18 39 40 62 46 34 62 61 95 48 21 15 64 83 50 80 28 41 91 40 91 86 72 11 78 72 85 70 77 10 55 29 83 88 35 83 64 71 86 59 41 94 39 76 38 35 59 84 91 62 13 19 96 76 47 
47 59 62 40 46 9 15 61 17 39 72 38 36 52 64 5 53 37 24 7 57 22 17 71 45 20 64 53 9 53 64 74 72 19 54 38 48 40 22 24 45 29 53 26 22 39 37 50 26 26 21 18 8 42 47 50 39 40 55 64 29 28 28 41 37 60 45 30 47 27 21 31 32 55 61 15 25 66 35 36 66 18 18 35 6 51 62 37 28 43 23 16 56 64 26 57 40 43 23 7 
30 53 45 22 33 25 26 60 13 41 75 46 40 60 82 17 70 55 42 18 59 32 6 89 34 6 60 38 26 62 78 79 74 36 71 19 33 41 20 39 27 22 70 16 25 30 20 58 15 7 18 36 20 51 29 51 35 56 73 46 47 29 38 59 46 78 63 49 43 44 39 43 23 72 57 32 25 82 42 43 82 17 34 52 20 58 80 46 29 26 13 12 73 82 15 47 30 50 40 18 
85 66 98 88 75 58 43 53 72 89 48 27 86 25 31 53 20 53 47 51 41 69 63 33 71 66 62 83 46 19 11 43 50 37 24 84 81 42 77 31 91 59 22 62 47 65 80 25 80 74 54 42 61 82 92 44 54 18 26 103 53 46 31 59 26 35 42 39 53 54 52 71 87 17 61 41 50 19 82 31 20 73 58 57 59 24 37 26 82 83 63 71 27 31 80 76 66 87 56 51 
100 81 113 102 91 66 56 69 83 96 62 42 92 41 20 65 16 54 52 63 56 76 76 19 86 79 77 98 56 34 6 55 64 47 19 97 96 58 87 42 105 74 18 76 62 80 94 41 91 87 68 50 71 86 106 60 70 25 19 118 57 61 45 59 41 26 40 43 69 58 57 76 97 13 77 51 65 4 88 46 5 83 64 59 69 39 28 42 90 98 77 82 20 20 91 92 81 92 62 63 
56 68 72 49 56 3 22 69 22 35 79 42 32 57 59 15 49 27 16 16 63 15 27 66 55 29 72 63 11 56 62 80 79 18 49 47 58 47 24 24 54 39 49 36 31 49 47 54 31 34 30 13 9 34 56 57 48 38 51 73 20 36 33 32 41 54 37 24 55 17 12 22 35 52 69 14 34 64 29 41 63 21 8 25 8 55 56 41 27 53 33 21 51 59 31 67 50 36 13 16 
39 68 53 25 47 26 37 76 7 27 90 59 27 73 88 26 77 54 44 28 74 25 22 95 48 21 76 50 34 75 88 94 89 43 77 26 45 56 7 48 31 38 77 32 39 45 30 71 3 18 33 41 20 41 34 66 50 64 79 52 46 44 50 56 59 83 65 52 59 43 39 36 8 79 72 39 40 91 31 57 90 8 33 50 22 72 84 59 15 36 28 8 79 88 2 61 45 38 38 28 
29 35 43 32 23 34 18 41 30 58 56 31 57 43 76 19 63 59 46 18 40 45 13 82 21 13 42 31 26 47 67 60 55 32 65 28 27 23 37 33 35 5 64 5 9 15 23 41 34 20 4 36 31 65 35 32 16 48 67 48 52 12 26 64 32 74 63 48 25 50 44 55 42 64 38 30 7 73 58 28 73 34 42 58 29 42 77 31 46 27 7 29 68 76 34 33 16 65 47 18 
58 82 72 45 63 20 41 86 17 13 98 63 11 78 79 30 70 40 34 33 82 9 34 86 64 35 88 68 33 78 84 100 98 40 70 45 63 65 12 47 51 51 69 46 47 60 48 76 22 35 44 35 18 22 53 75 62 60 71 71 33 53 54 41 62 73 53 43 71 30 28 18 20 73 85 37 50 85 12 62 84 13 21 35 20 76 74 63 6 54 42 19 71 79 21 77 60 20 25 33 
96 83 110 96 89 57 50 72 75 86 68 42 82 45 11 58 5 42 42 57 60 66 70 15 85 73 80 96 49 38 16 63 70 39 7 92 93 58 78 36 100 71 6 72 58 78 89 44 84 81 64 41 62 75 101 62 69 19 7 115 46 58 43 47 40 15 28 32 70 47 47 64 89 4 79 43 62 10 77 45 9 74 54 48 60 43 18 41 81 94 72 74 8 11 83 92 80 81 51 57 
36 66 49 21 43 29 38 74 10 31 89 60 31 74 90 27 79 57 47 29 73 29 21 97 45 20 74 47 35 76 89 93 88 45 80 22 42 56 11 50 27 36 79 30 39 42 26 71 1 15 32 43 23 45 30 65 49 66 81 48 50 44 51 60 59 86 68 55 57 47 43 40 9 81 70 41 39 93 35 57 92 12 36 53 24 72 87 59 19 32 27 10 82 90 2 58 43 42 42 29 
83 104 97 69 88 37 59 107 42 21 116 79 18 93 78 51 74 36 39 53 101 24 58 85 88 60 110 93 49 92 91 117 116 53 72 70 88 85 37 60 75 74 72 69 68 83 73 91 47 60 66 46 38 4 78 95 85 68 72 96 33 74 70 33 78 71 51 48 92 32 35 16 43 77 106 51 71 89 13 79 88 38 31 31 40 91 71 78 29 79 66 43 72 78 46 101 84 7 30 53 
37 16 47 48 24 52 32 21 52 80 37 27 78 32 80 38 66 73 60 36 23 65 34 84 19 34 21 31 42 38 64 43 35 44 69 43 30 11 59 41 48 18 68 24 21 15 36 31 54 40 24 50 51 85 47 14 5 52 72 53 68 16 29 79 29 80 74 60 4 66 60 74 63 66 17 43 18 73 78 24 73 55 60 74 49 32 83 28 67 37 27 50 72 80 55 22 16 86 64 36 
63 74 78 55 63 9 27 75 27 34 83 46 31 60 56 22 47 21 11 23 68 14 34 63 62 36 79 70 17 59 62 83 83 20 47 53 65 53 28 27 61 46 46 43 37 56 53 58 36 41 37 13 14 29 63 62 55 38 48 80 13 42 37 25 45 50 32 20 61 10 6 17 39 50 76 18 41 62 27 45 61 25 2 18 14 58 51 45 29 59 40 27 48 56 35 74 57 33 6 23 
36 56 51 28 38 18 22 62 10 38 75 44 36 58 76 11 64 48 36 13 59 26 9 83 38 10 62 44 21 60 74 78 74 30 65 26 39 41 17 34 34 25 64 20 24 34 26 56 16 14 18 30 13 46 36 51 37 51 67 52 40 29 35 52 43 72 57 42 45 38 32 37 24 66 59 26 25 77 38 41 77 13 28 45 13 57 74 44 25 32 16 9 68 76 16 51 34 45 33 13 
40 51 55 37 38 17 11 54 20 45 66 33 43 47 67 3 55 44 31 3 50 30 11 73 37 14 56 45 12 49 63 68 65 21 56 33 41 33 26 24 41 21 55 18 15 31 31 45 27 22 12 22 15 50 42 42 31 41 58 58 37 21 24 49 33 64 50 35 39 34 28 39 35 56 53 17 17 67 43 31 67 22 26 42 13 46 66 33 34 37 16 19 59 67 27 49 32 50 31 3 
13 28 20 30 4 58 45 43 48 76 61 52 75 59 102 45 88 85 72 44 49 67 33 107 8 31 38 4 53 64 89 68 59 59 91 25 4 37 54 59 27 22 89 24 35 14 19 58 46 31 31 63 54 87 25 41 25 73 93 27 78 34 50 91 53 100 90 75 29 76 70 78 54 89 34 57 31 97 78 48 97 52 67 84 53 59 103 52 63 16 26 47 94 102 47 14 13 85 73 44 
91 75 104 92 82 56 46 63 72 87 59 34 83 36 20 55 9 46 43 53 51 66 66 23 78 69 72 90 46 29 10 54 61 37 13 88 87 50 77 32 95 65 12 67 52 71 84 35 81 77 59 40 60 77 96 53 62 15 15 109 48 52 36 51 33 24 33 33 62 49 48 66 87 6 71 41 55 12 78 38 11 73 54 51 59 34 26 34 80 88 67 72 16 20 81 84 73 83 52 53 
68 38 78 76 55 62 40 24 70 94 20 18 92 5 61 51 48 71 61 49 12 76 55 63 50 57 33 62 49 11 39 19 22 45 52 71 61 22 77 38 77 44 50 49 37 45 65 7 76 64 44 52 63 93 77 17 34 38 54 84 68 32 28 77 20 63 65 55 29 68 63 81 84 46 33 47 37 49 90 20 49 72 66 74 61 7 66 19 84 67 51 69 55 61 76 51 47 97 68 49 
40 33 53 45 31 36 14 34 39 65 46 19 63 31 67 22 53 56 43 20 31 49 23 72 27 24 37 39 25 34 56 50 46 27 56 40 36 13 45 25 47 14 54 17 5 21 35 29 44 32 11 33 35 69 47 23 14 39 58 58 50 1 15 62 20 66 57 43 20 49 43 57 52 54 34 26 5 62 63 16 62 42 43 57 33 30 68 19 53 38 19 37 59 67 44 36 22 70 47 20 
6 35 18 22 8 54 44 49 42 69 67 54 69 63 102 41 88 82 69 41 54 62 29 107 13 26 45 9 51 68 91 74 65 57 91 18 4 40 48 58 19 22 89 21 35 17 12 61 39 24 29 61 49 81 17 46 28 74 93 23 75 35 50 87 55 100 88 73 34 73 67 73 47 89 41 55 31 98 72 50 98 46 63 81 49 62 102 54 57 8 23 41 94 102 40 22 16 79 69 41 
29 57 43 18 35 28 32 65 12 39 80 52 38 66 87 22 75 58 46 23 65 33 12 94 36 11 65 39 31 68 84 84 79 41 76 17 34 47 17 45 24 27 75 21 30 33 19 64 10 6 24 41 22 51 26 56 40 61 78 43 50 35 44 61 52 83 67 53 48 47 42 44 18 77 61 37 30 88 41 49 87 16 37 55 23 64 85 52 26 25 17 11 79 87 11 49 33 49 43 23 
77 79 92 72 74 27 33 75 45 52 79 42 48 54 37 34 29 12 9 34 66 33 48 44 72 50 81 81 25 51 46 77 80 19 28 69 77 54 47 22 77 55 28 54 44 65 68 52 55 57 46 14 32 41 78 62 60 24 29 95 12 47 36 18 40 31 13 4 65 13 14 30 58 33 78 21 48 44 43 43 43 44 21 16 31 52 32 41 48 74 52 45 29 37 54 82 66 47 17 34 
60 85 74 46 66 24 45 91 21 9 102 68 7 82 82 35 74 43 37 37 87 13 38 89 67 39 92 71 37 82 88 105 102 45 73 47 66 69 14 51 52 54 73 49 52 63 51 80 24 38 48 39 22 21 55 79 66 64 75 72 36 57 58 43 67 76 57 47 75 33 32 19 20 77 89 41 54 89 10 66 88 17 25 37 25 81 77 67 6 56 46 22 75 82 23 80 64 17 29 37 
60 33 70 68 48 56 34 21 63 88 24 13 85 9 62 44 49 67 56 42 10 69 48 65 43 49 29 55 43 15 43 26 25 40 53 63 53 14 69 34 69 36 51 41 29 38 57 8 68 57 36 47 57 88 69 11 26 37 55 77 64 25 22 74 15 64 63 52 22 63 58 76 77 48 29 41 29 52 84 13 52 65 61 70 54 9 67 14 77 59 43 61 56 62 69 45 39 91 63 42 
69 80 84 61 69 15 33 80 32 35 87 50 31 64 54 28 46 16 9 29 72 16 40 61 68 42 84 76 22 62 62 87 88 23 45 59 71 58 32 30 66 52 45 49 43 62 59 62 41 47 43 16 20 26 68 67 60 39 46 85 8 48 41 19 48 48 28 19 67 5 5 14 43 49 81 22 47 61 26 50 60 30 6 12 20 62 48 49 31 65 46 32 46 54 40 80 63 31 0 29 
69 53 82 71 59 43 26 44 56 76 45 12 73 20 41 37 27 46 37 35 33 56 46 45 55 49 52 67 31 16 27 43 46 23 30 67 65 28 62 17 74 42 28 45 30 49 63 18 64 57 37 30 46 72 75 33 39 14 33 87 45 29 14 53 10 41 40 31 40 45 41 60 71 26 50 27 33 34 70 15 34 57 45 50 44 17 44 11 67 66 46 55 34 41 64 62 50 76 46 35 
27 14 31 42 13 62 44 30 55 84 48 45 83 49 97 47 83 86 73 46 38 73 38 102 9 37 24 16 54 55 82 56 46 58 86 37 18 29 62 57 40 23 85 27 33 13 31 48 55 39 32 63 58 93 38 30 18 69 89 39 80 30 45 92 47 97 89 75 19 78 72 83 63 83 21 56 29 90 85 42 90 60 70 86 57 50 99 46 71 28 31 54 89 97 56 5 13 92 75 46 
42 65 57 30 47 17 30 72 1 28 85 52 27 67 79 18 68 46 36 21 69 19 18 86 47 19 72 51 25 68 80 88 84 35 69 30 46 51 7 40 36 34 68 29 33 43 32 65 11 19 28 32 12 38 39 61 47 56 70 56 38 39 43 49 52 74 57 44 55 35 31 31 16 71 69 30 35 82 29 50 81 4 25 42 13 65 76 52 16 38 26 2 71 79 10 60 43 36 31 21 
83 43 88 96 69 92 69 28 97 123 12 49 121 36 87 80 76 102 92 77 28 105 80 88 64 81 33 73 79 40 63 14 13 76 81 91 74 45 104 70 95 65 79 71 63 62 84 38 101 87 69 83 92 124 94 36 53 69 82 96 100 58 58 109 51 91 96 87 44 99 94 112 110 74 36 77 62 73 120 50 74 100 97 105 90 38 94 50 112 84 74 95 83 87 102 58 63 127 99 77 
70 61 84 70 63 35 24 54 50 67 56 21 64 31 35 33 22 35 26 31 44 47 44 41 59 47 61 71 24 28 30 54 58 15 24 66 67 36 55 9 74 45 23 46 32 53 63 30 59 55 38 20 39 61 75 42 45 7 26 88 33 33 17 41 19 34 29 19 47 33 30 49 65 23 59 19 36 34 60 23 33 51 35 38 37 29 37 20 59 67 46 50 27 35 59 68 54 66 35 31 
84 92 99 75 83 30 44 89 47 44 94 57 40 70 46 42 42 4 15 42 81 28 54 53 81 57 94 90 34 66 60 93 95 32 40 74 85 68 46 37 81 65 40 63 55 75 74 68 55 62 56 25 35 29 83 77 72 40 40 100 8 59 50 4 55 39 19 19 78 10 16 21 57 46 92 32 59 57 34 58 56 44 21 3 35 67 39 56 44 80 60 47 40 46 55 93 76 36 15 42 
94 75 107 96 85 63 51 62 79 94 55 36 90 34 25 60 17 54 51 59 50 74 71 25 80 74 71 92 52 27 2 49 58 43 21 92 90 52 83 37 100 68 19 71 56 74 88 34 87 82 63 47 67 85 100 53 64 22 22 112 56 55 40 59 35 30 41 41 63 57 55 74 94 13 70 47 59 10 86 40 11 79 62 59 65 33 32 35 87 92 71 78 22 25 87 85 75 91 60 59 
59 55 73 58 53 26 12 51 39 58 57 20 55 34 47 21 34 35 23 19 43 38 32 53 50 35 57 61 13 33 42 57 58 6 35 54 57 30 44 3 62 34 34 35 21 43 51 32 48 43 26 14 28 55 63 39 37 19 37 77 31 24 12 41 18 44 35 21 41 30 25 43 54 35 54 9 25 46 52 20 45 40 28 37 26 32 47 19 49 56 34 38 38 47 47 59 44 59 30 19 
54 65 69 48 53 5 18 66 22 38 75 39 35 53 59 12 48 29 17 13 60 19 25 65 52 27 69 60 8 53 60 76 75 15 48 45 56 44 25 22 53 36 47 33 28 46 45 51 31 33 27 12 9 37 55 53 45 36 50 71 22 33 29 34 37 54 37 24 52 19 14 26 36 50 66 11 31 62 33 38 61 22 11 27 8 51 55 38 29 51 31 21 50 59 31 64 47 40 16 13 
100 87 114 99 92 59 53 76 77 87 72 46 83 49 7 61 8 42 43 60 64 67 73 11 88 76 84 100 51 42 19 66 74 42 7 95 97 62 80 39 103 74 8 76 62 82 92 48 86 84 67 43 64 75 104 66 73 23 6 118 46 62 46 46 44 12 28 33 74 48 48 65 91 8 83 46 65 11 78 49 10 77 55 48 63 47 14 45 82 97 75 76 6 7 86 96 83 81 52 60 
65 4 98 29 74 26 29 21 95 9 28 25 78 34 24 35 33 51 74 98 62 40 89 73 71 75 72 60 67 28 30 7 60 71 47 88 62 39 2 86 48 92 44 25 31 56 84 60 80 71 40 17 14 99 11 40 19 1 99 31 90 6 66 72 49 42 71 88 12 51 79 96 82 55 17 41 7 81 9 40 18 78 89 34 12 32 28 8 49 72 81 66 93 21 2 33 2 99 4 43 