40 100 5
21 44 79 39 48 49 65 23 28 38 69 43 44 18 19 5 50 52 19 27 27 6 42 40 38 27 34 31 67 48 58 20 63 63 55 17 59 62 59 28 74 55 47 61 77 74 63 31 26 58 42 35 36 82 24 23 32 58 61 23 31 47 16 63 7 51 27 61 82 20 52 54 42 46 42 62 65 34 47 38 41 44 35 16 33 45 58 55 17 61 33 18 38 35 9 54 39 44 48 57 
78 44 69 95 50 15 64 41 89 79 54 81 105 49 79 67 29 58 82 69 86 57 26 45 25 54 97 56 14 90 70 83 30 5 34 71 11 112 61 81 67 88 43 59 67 55 76 79 86 53 81 28 58 69 87 47 83 101 11 86 86 99 47 113 64 97 36 62 69 80 82 10 56 46 89 31 73 97 40 93 95 32 46 48 37 22 53 60 77 22 74 47 40 98 68 15 88 34 71 98 
74 41 68 91 47 11 62 37 85 75 53 77 100 45 75 63 26 55 78 66 82 53 22 41 21 50 93 52 16 86 68 79 29 6 32 67 10 108 58 77 65 85 40 57 66 54 73 76 82 51 78 24 55 68 82 44 79 98 11 82 82 95 43 109 60 94 32 60 68 76 78 6 54 43 85 30 70 93 38 89 91 29 43 44 34 18 51 57 73 22 70 43 36 93 64 13 84 31 67 94 
22 25 99 34 67 47 86 35 34 17 87 70 65 37 26 25 61 73 35 8 30 25 36 58 40 8 46 54 60 75 82 34 49 64 68 17 53 87 80 54 94 82 64 81 97 91 87 18 32 77 21 40 11 102 43 16 59 85 55 42 57 73 25 88 20 78 35 82 102 28 78 52 17 64 69 73 88 46 29 32 66 57 17 26 25 40 77 77 26 50 12 35 54 45 35 48 66 31 73 84 
52 45 54 70 23 28 41 11 61 63 41 44 68 14 51 37 17 30 51 51 59 27 29 13 18 40 65 19 47 53 41 52 51 36 23 46 38 75 36 44 49 53 18 37 51 45 47 59 58 32 67 15 49 56 53 31 46 64 40 53 49 62 22 75 37 60 12 38 56 52 47 30 52 19 51 30 46 65 45 69 58 12 40 21 30 29 32 33 49 46 57 14 8 67 34 36 50 38 37 61 
80 75 22 98 12 50 14 42 87 94 10 45 82 42 78 64 23 13 75 82 86 56 56 20 45 71 88 30 64 53 23 77 75 46 16 75 58 77 11 58 18 46 13 9 20 15 27 88 84 4 97 43 81 24 74 63 56 63 59 74 63 68 53 78 65 62 43 12 24 78 40 49 83 13 56 21 23 88 74 97 68 24 71 51 61 54 4 13 75 68 88 43 24 90 57 57 57 66 29 58 
23 25 104 33 72 50 90 39 35 14 91 74 68 42 28 28 65 78 37 8 31 30 39 62 44 12 47 58 62 79 86 36 50 67 72 19 56 90 85 58 99 86 69 86 102 95 92 17 33 82 17 44 10 106 46 20 63 89 58 45 60 76 29 91 24 81 40 87 106 29 83 55 16 69 73 77 92 47 30 31 69 61 19 31 28 43 82 81 28 52 9 39 58 45 39 51 70 33 77 88 
53 74 56 67 32 65 40 39 54 73 51 8 40 31 49 39 49 30 41 62 55 37 63 32 54 60 51 19 84 16 29 43 87 72 49 51 76 38 36 17 50 20 37 39 54 57 33 64 52 40 77 51 70 59 37 54 14 27 78 37 21 26 42 38 42 23 44 38 59 48 17 68 76 34 14 57 36 50 76 67 25 44 66 41 60 65 40 33 46 82 68 34 36 54 28 72 14 70 17 25 
11 43 109 15 77 65 95 48 19 12 98 71 55 47 16 26 75 82 26 11 15 33 54 69 57 27 31 61 79 74 88 24 67 82 82 14 72 81 89 51 104 83 76 91 107 103 93 1 17 88 15 56 28 112 34 33 57 82 74 33 52 67 37 82 23 74 50 91 112 17 81 70 34 75 66 88 95 32 48 13 60 70 36 38 43 58 88 85 18 69 11 45 65 29 36 67 63 50 78 83 
52 57 48 70 16 42 34 20 58 67 38 30 58 15 50 36 26 21 47 55 57 29 42 10 32 48 60 5 61 39 30 48 65 49 28 47 53 61 28 33 43 38 17 30 46 43 36 61 56 27 71 29 58 51 47 40 34 50 55 47 38 49 28 62 38 46 23 30 51 50 33 45 62 15 38 36 36 60 57 69 46 21 50 26 42 43 27 25 47 60 62 18 12 62 29 50 37 51 23 47 
15 32 101 27 69 53 87 38 27 14 89 67 59 38 19 21 65 74 29 2 22 25 42 60 45 15 38 54 67 72 81 27 56 70 71 11 60 82 81 50 95 80 67 83 99 93 87 11 24 79 18 44 18 103 37 21 55 81 62 36 52 68 27 83 17 74 39 83 103 21 76 58 24 66 65 77 88 39 37 25 61 60 25 28 31 46 79 78 20 58 9 36 56 37 32 55 62 38 72 81 
56 24 76 72 48 8 66 25 67 56 61 70 87 33 58 46 31 56 62 47 64 37 4 40 9 31 76 46 24 79 68 62 24 25 39 49 16 99 61 66 72 80 42 61 73 63 74 57 64 55 59 13 36 76 67 25 69 90 18 67 70 85 27 100 43 85 20 63 76 59 74 13 35 44 76 41 72 76 21 70 80 30 24 28 15 1 55 59 56 19 51 30 34 76 50 11 74 14 65 88 
70 90 49 83 37 78 36 54 69 90 50 9 48 46 65 56 57 31 57 79 71 54 77 40 68 77 65 31 96 12 23 59 101 82 55 68 88 34 34 31 44 3 43 37 48 55 23 81 68 40 94 64 87 53 51 71 26 19 90 52 33 29 59 34 60 20 58 35 53 65 4 80 92 40 19 62 28 64 91 83 32 53 82 57 76 78 40 32 63 96 85 49 46 68 45 85 21 85 15 14 
31 62 76 44 47 64 61 35 31 52 69 30 28 28 26 20 57 49 18 42 32 23 58 42 52 45 29 29 82 32 51 20 80 76 60 30 74 43 56 10 70 41 50 58 74 74 55 43 29 57 56 49 54 79 15 42 15 41 76 15 13 29 33 44 24 33 40 57 79 26 40 68 60 47 25 68 58 29 65 44 22 51 53 31 51 60 57 52 24 78 48 30 43 32 10 70 22 62 40 41 
52 45 54 70 23 28 41 11 61 63 41 44 68 14 51 37 17 30 51 51 59 27 29 13 18 40 65 19 47 53 41 52 51 36 23 46 38 75 36 44 49 53 18 37 51 45 47 59 58 32 67 15 49 56 53 31 46 64 40 53 49 62 22 75 37 60 12 38 56 52 47 30 52 19 51 30 46 65 45 69 58 12 40 21 30 29 32 33 49 46 57 14 8 67 34 36 50 38 37 61 
70 28 87 84 63 17 80 42 82 65 72 88 104 51 72 62 43 71 77 58 78 54 19 55 27 42 91 63 11 97 83 78 9 25 50 63 9 117 75 84 84 97 56 75 85 73 89 68 79 68 67 30 43 87 84 39 86 108 9 83 88 103 44 117 59 103 38 77 87 73 91 17 40 59 94 49 87 92 23 82 98 44 33 45 28 16 68 74 71 2 61 48 49 91 67 9 92 19 81 105 
62 30 72 78 46 1 63 27 73 63 57 71 91 36 63 51 27 54 67 53 70 42 10 38 11 38 81 47 20 80 66 67 25 18 34 55 11 101 58 69 68 80 39 58 69 59 72 63 70 52 65 14 43 72 72 31 71 92 14 71 73 87 32 102 49 87 22 60 72 64 74 6 42 42 78 35 70 82 27 77 83 27 31 33 21 6 52 57 61 19 58 33 32 82 54 8 76 20 64 89 
54 8 97 67 68 27 86 39 66 46 82 85 93 47 57 50 52 76 64 41 62 44 18 59 29 26 77 63 31 93 87 64 16 42 60 48 27 110 81 76 93 96 62 81 94 84 93 50 64 76 47 32 24 98 72 26 80 104 28 71 80 96 36 111 46 98 36 83 98 59 91 31 20 64 89 62 92 78 3 65 90 51 16 38 17 21 76 79 57 20 42 44 53 76 58 23 86 8 82 102 
78 40 78 94 58 17 73 45 90 76 63 87 108 53 80 68 37 66 84 68 86 59 25 52 28 52 98 62 5 96 78 84 22 14 42 71 7 118 69 86 76 95 51 68 76 64 84 78 87 62 78 31 55 78 89 47 88 108 5 89 91 104 49 118 66 103 40 71 78 81 89 13 53 54 94 40 81 99 35 92 100 39 44 50 36 21 62 68 78 15 72 51 46 99 71 12 93 30 78 104 
14 61 104 16 74 75 89 51 3 34 96 58 34 47 11 24 78 77 11 30 7 34 66 67 65 42 9 56 92 59 80 9 84 91 83 21 84 61 84 37 98 69 75 86 102 101 84 23 5 84 37 63 47 107 16 45 42 65 86 15 35 49 43 62 26 57 55 86 107 10 69 80 53 73 51 91 87 10 65 17 42 73 52 43 56 70 84 80 13 84 32 47 66 8 29 79 48 65 69 66 
64 47 52 82 27 20 43 23 74 72 37 56 83 28 64 50 8 35 64 60 71 40 26 20 16 47 79 32 36 65 47 65 45 22 15 58 29 88 38 59 48 63 20 38 50 40 52 69 71 32 75 15 55 53 67 38 60 76 30 67 64 75 32 88 49 73 20 40 53 65 57 20 56 22 64 19 50 79 45 80 72 8 44 32 33 24 32 37 61 39 66 27 15 80 48 27 64 37 46 73 
59 19 85 74 58 14 76 34 71 56 70 80 94 42 62 52 40 66 67 48 68 44 9 50 20 32 81 56 20 89 78 67 14 29 48 53 14 108 71 74 81 90 52 71 83 72 84 58 68 65 57 23 34 86 73 28 77 100 16 73 79 93 34 109 48 94 29 73 86 63 84 17 32 54 85 49 82 81 15 72 88 40 23 35 17 9 65 69 60 11 51 39 44 81 57 10 83 9 75 97 
12 59 103 16 73 73 88 50 2 32 95 58 35 45 9 22 77 76 11 28 5 32 64 66 63 40 11 55 90 59 79 8 82 89 82 18 82 62 83 37 97 69 73 85 101 99 84 21 3 83 35 61 45 106 16 42 42 66 84 16 36 49 41 63 24 57 53 85 106 8 68 78 51 72 51 89 86 12 63 16 42 71 50 41 54 68 83 79 11 82 30 45 64 10 27 77 48 63 68 67 
59 83 59 72 40 75 44 49 58 80 57 5 37 41 54 46 58 36 45 69 59 46 73 41 64 69 53 28 94 6 32 48 97 82 58 57 86 29 41 19 53 14 46 44 57 62 34 70 56 46 84 61 79 63 39 63 14 17 88 40 21 19 52 29 50 13 54 42 63 53 14 78 84 42 7 66 38 52 85 72 21 53 75 50 70 75 46 38 52 92 75 44 45 56 35 82 9 80 21 15 
19 62 93 28 64 71 78 45 14 41 86 46 26 39 14 19 71 66 4 34 16 29 63 58 60 43 12 46 89 47 69 5 83 86 75 22 81 51 73 25 88 58 65 75 92 91 73 31 13 74 45 58 50 97 5 43 30 54 83 4 24 38 38 52 23 46 49 75 97 13 57 76 56 63 39 82 76 12 66 28 31 65 53 38 54 67 74 69 13 82 38 40 57 14 19 76 36 64 57 55 
102 97 4 119 33 70 18 65 107 116 14 57 98 64 99 86 43 30 95 104 107 78 77 42 67 94 108 51 81 64 30 97 95 62 36 97 76 87 23 75 9 54 36 20 5 12 30 110 105 23 120 65 103 2 93 85 72 71 77 94 79 81 75 87 87 73 65 21 2 99 49 68 106 36 69 36 25 107 96 118 82 45 93 74 83 75 23 26 97 87 110 65 46 110 78 77 71 88 41 66 
29 60 129 14 98 85 115 69 28 22 119 88 63 67 32 45 96 102 40 31 26 53 74 89 77 46 37 81 98 89 107 38 84 102 103 34 91 91 109 67 124 99 97 111 127 124 112 21 29 108 21 77 44 132 47 53 72 96 93 46 66 79 58 92 44 88 71 111 132 33 98 90 48 96 81 109 114 38 65 14 72 91 54 59 63 78 108 105 35 87 26 66 86 34 54 86 78 68 97 97 
14 35 103 24 71 56 89 40 25 12 92 69 59 41 18 22 68 77 28 2 21 27 45 62 48 18 37 56 70 73 84 27 59 73 74 11 63 82 83 51 98 81 69 85 101 96 89 8 23 82 16 47 20 106 37 24 56 82 65 36 52 68 30 83 19 74 42 86 106 20 78 61 26 69 66 80 90 37 40 22 61 63 27 31 34 49 82 80 19 60 7 39 59 35 33 58 63 41 74 82 
51 21 78 67 49 13 67 22 63 51 63 69 83 31 53 42 34 57 57 42 59 33 2 40 10 26 72 45 28 77 68 58 25 30 41 44 20 96 62 63 74 79 43 62 75 66 74 52 60 57 54 13 31 79 63 20 66 89 22 63 67 82 23 97 39 83 18 64 79 54 73 18 31 45 74 44 73 72 19 65 77 32 19 24 9 6 57 60 51 22 46 28 34 72 46 15 72 11 64 86 
61 30 72 77 46 2 63 27 72 62 57 71 90 35 62 50 27 54 66 52 69 41 9 38 10 37 80 46 21 80 66 66 25 19 35 54 12 100 58 68 68 80 39 58 70 59 72 62 69 52 64 13 42 72 71 30 70 91 14 71 73 87 31 101 48 86 22 60 72 63 74 7 41 42 77 36 70 81 27 76 82 27 30 32 20 6 52 57 60 19 57 32 32 81 53 9 76 19 64 88 
95 88 11 113 27 61 16 57 101 108 5 55 95 57 93 79 34 25 89 96 100 71 68 35 58 86 102 45 72 63 29 91 85 53 27 90 67 86 19 71 11 54 28 16 10 4 31 103 99 16 112 56 95 11 88 77 69 71 68 89 75 79 67 87 80 72 57 18 11 93 48 59 97 28 67 27 26 102 87 112 80 37 85 66 74 66 16 22 90 78 103 58 38 105 72 67 68 79 39 66 
71 97 61 82 49 88 49 62 68 92 63 16 41 54 66 59 69 43 57 82 70 59 86 52 77 83 62 41 107 8 36 59 110 93 67 70 98 22 47 30 56 11 55 49 60 67 35 83 67 53 96 73 92 65 50 77 25 6 100 51 30 21 65 22 63 11 67 47 65 65 17 90 98 52 15 75 40 61 99 83 26 64 89 64 83 88 53 44 64 105 88 57 57 65 48 95 18 94 28 1 
50 4 101 62 72 33 90 41 62 40 87 86 91 48 54 48 57 79 62 36 58 43 23 62 34 23 73 64 38 94 90 61 22 49 65 44 34 110 85 76 97 98 66 85 99 89 96 45 60 80 41 36 19 102 69 25 80 105 35 69 79 95 36 111 44 98 38 87 102 55 93 37 14 68 89 67 95 74 5 59 89 55 14 38 19 26 80 82 53 26 37 45 56 73 57 30 86 13 84 103 
45 87 96 48 72 92 81 64 36 66 92 43 1 56 40 43 85 71 30 60 40 50 86 69 81 69 25 55 111 38 69 31 107 104 87 48 102 30 77 26 90 50 76 80 95 97 72 56 37 81 70 77 76 100 22 67 27 39 105 23 21 22 60 31 47 32 69 79 100 38 52 96 82 73 31 95 76 24 91 49 17 79 78 59 78 89 81 74 39 105 64 58 71 28 38 98 29 88 58 42 
83 81 18 100 14 57 6 47 88 97 11 41 81 45 80 66 30 11 76 85 87 59 62 24 51 76 89 31 71 49 17 78 82 53 24 78 65 73 5 57 13 41 18 2 16 16 20 91 86 5 101 49 85 21 74 68 54 58 66 75 61 65 57 73 68 58 48 5 21 80 35 57 89 17 53 28 16 88 80 99 65 30 76 55 66 61 5 8 77 75 92 47 29 91 59 64 54 73 25 53 
85 91 20 101 23 69 9 54 88 102 23 34 75 50 82 69 43 15 76 90 89 63 73 32 62 83 87 34 84 40 7 78 94 67 38 81 78 63 11 53 15 30 29 12 19 27 6 95 86 18 106 59 93 24 73 75 50 47 79 73 57 57 63 63 71 49 57 9 24 82 25 69 97 27 46 42 1 86 90 101 59 42 85 61 76 72 18 12 79 88 97 53 38 90 60 76 48 83 19 42 
65 23 86 79 61 15 78 38 77 60 71 84 99 47 67 57 42 69 72 53 73 49 14 53 23 37 86 60 15 93 81 73 10 27 49 58 11 113 73 79 83 94 54 73 84 73 87 63 74 67 62 27 38 87 79 34 82 104 12 78 84 98 39 113 54 99 34 75 87 68 88 17 36 57 90 49 85 87 18 77 93 42 28 41 22 13 67 72 66 6 56 44 47 86 62 9 88 14 78 102 
77 92 38 92 31 76 26 55 78 97 40 19 60 49 73 63 53 24 66 85 79 59 78 38 67 81 75 32 94 23 13 68 100 78 50 75 86 45 25 40 33 12 39 28 37 45 12 88 77 32 101 64 91 42 61 74 36 29 88 62 43 40 62 45 66 32 59 25 42 73 9 77 96 35 30 56 17 74 93 92 43 50 85 60 78 78 32 24 71 95 92 52 43 78 52 84 32 86 12 24 
68 62 36 85 8 39 25 29 75 80 23 42 75 29 66 52 14 16 63 68 73 43 43 7 32 57 77 21 55 51 28 65 64 39 12 62 47 75 20 50 32 47 1 20 34 28 34 75 72 15 84 29 67 38 64 49 49 62 49 64 55 64 39 75 52 60 29 22 38 66 40 39 69 4 52 20 32 77 61 84 62 11 57 38 47 42 15 18 63 57 74 30 10 79 46 46 52 53 29 57 
77 94 40 92 33 78 28 57 78 97 43 18 58 50 73 63 55 26 66 86 79 60 79 39 69 82 74 33 95 22 16 68 102 80 52 75 88 43 27 40 35 10 41 30 39 47 14 89 77 35 101 65 92 44 61 75 35 27 89 61 42 39 63 43 66 30 60 27 44 73 8 79 97 37 29 58 19 74 94 92 42 52 86 61 79 79 35 26 71 96 92 53 45 77 52 85 31 88 14 22 
3 51 78 55 36 35 43 30 5 74 97 81 58 68 83 61 50 74 5 21 44 97 14 58 15 1 51 35 18 15 79 47 98 12 35 99 63 31 37 26 89 90 12 93 57 52 26 9 83 37 53 63 49 66 58 46 72 70 95 64 62 14 39 97 64 24 72 85 17 70 49 31 18 42 17 90 67 36 94 3 63 40 9 60 16 44 41 43 62 52 22 54 97 45 29 50 44 27 50 54 