40 100 5
17 14 43 29 34 92 9 21 71 38 32 6 71 86 77 80 31 10 15 74 52 66 84 29 31 98 42 72 89 92 43 62 75 87 60 51 59 93 72 16 79 54 61 57 30 49 69 52 52 75 16 61 77 72 96 79 65 104 60 80 75 12 27 42 35 52 80 88 57 88 28 82 83 41 36 6 70 69 83 43 61 47 55 62 79 15 25 62 87 89 60 93 92 59 74 80 87 88 71 28 
102 103 74 73 114 48 100 106 77 56 68 88 117 7 51 13 72 87 98 97 40 51 17 91 84 75 77 91 26 48 78 125 121 96 33 63 83 101 24 78 35 89 117 93 64 49 64 69 40 26 79 67 75 47 91 54 121 88 33 12 110 91 81 66 61 103 47 8 122 99 66 89 91 51 113 98 53 122 101 49 117 94 52 97 16 90 84 42 98 29 59 51 78 49 19 98 100 45 99 67 
91 95 53 61 98 7 95 94 42 52 78 83 86 35 16 33 59 80 100 63 52 24 25 75 68 34 56 57 15 7 57 100 89 58 38 41 54 62 29 79 11 62 91 65 69 40 31 45 53 22 73 38 38 17 51 16 93 47 38 41 77 82 90 49 53 77 11 33 98 61 73 52 54 56 96 94 22 93 64 51 90 70 34 67 30 80 92 26 61 12 33 10 38 29 45 63 62 4 67 60 
59 62 28 29 69 39 61 63 39 17 45 49 72 39 26 33 28 47 65 56 26 17 33 46 39 54 31 51 35 39 32 79 76 60 17 18 40 66 22 45 25 44 72 49 36 5 28 24 27 22 39 26 41 20 62 30 76 64 16 37 67 49 56 20 19 57 27 39 76 63 39 53 55 23 68 60 21 76 62 18 71 48 8 53 31 48 58 8 62 35 18 41 51 9 34 59 63 35 57 26 
72 72 54 47 86 59 68 76 70 30 34 57 100 31 53 26 48 57 65 87 8 46 33 66 60 81 57 81 44 59 58 104 105 91 16 48 70 97 24 45 42 72 98 77 31 30 58 54 8 31 50 57 72 46 92 56 102 93 17 22 97 61 47 46 36 83 51 33 100 94 33 84 86 20 86 65 49 103 93 22 97 74 39 82 27 61 50 34 93 45 49 62 80 39 15 90 94 55 87 40 
15 22 34 31 11 87 28 14 56 48 59 28 41 97 71 90 31 25 44 50 69 62 91 12 19 85 30 50 92 87 30 31 45 66 71 45 41 70 80 42 80 32 30 34 52 54 59 42 69 81 29 50 63 69 77 73 35 88 70 93 47 20 57 39 42 24 76 97 26 65 53 62 63 57 10 32 65 38 59 56 30 22 54 37 88 19 56 65 65 91 54 88 77 59 88 57 65 85 46 37 
52 58 20 35 50 54 61 53 16 45 72 54 32 78 39 72 32 50 74 16 64 34 69 32 28 45 19 13 66 54 18 45 36 28 58 24 1 34 61 61 53 8 36 10 62 41 24 17 65 59 46 18 23 40 38 39 38 48 57 78 26 48 77 27 39 23 44 77 44 29 65 23 24 57 48 64 34 38 25 52 35 18 34 12 69 45 78 43 28 64 26 53 37 36 76 22 28 52 16 42 
38 36 44 28 55 81 31 42 71 25 10 22 83 67 68 61 31 24 26 79 31 57 66 41 39 93 45 76 74 81 46 79 88 90 42 46 63 96 54 7 66 60 76 65 8 37 64 50 32 59 20 58 76 62 96 71 81 102 42 60 84 29 15 38 27 64 69 69 74 92 6 84 85 22 55 27 61 83 88 26 75 56 46 70 61 30 16 50 91 74 54 83 89 50 53 85 91 77 78 22 
81 87 44 59 80 38 90 82 16 63 92 81 51 76 31 72 57 77 101 26 77 35 66 62 57 18 45 22 58 38 44 69 53 15 66 40 29 19 63 85 47 38 60 37 82 53 23 36 78 57 72 28 10 37 11 29 61 18 65 79 40 76 101 48 59 50 35 74 70 18 85 11 12 73 77 92 32 59 23 67 59 48 44 36 69 73 102 47 18 55 34 36 9 42 80 22 19 39 31 64 
51 58 40 50 41 80 63 50 40 66 87 61 6 104 66 98 49 57 79 23 87 61 96 37 38 66 37 27 93 80 36 21 11 38 83 49 28 41 87 72 80 22 12 18 78 65 51 42 88 85 57 45 46 67 52 66 12 64 82 103 13 53 89 48 59 13 71 104 23 36 80 38 38 77 38 67 61 11 29 73 11 21 59 15 96 51 88 69 36 91 52 79 57 62 101 28 36 79 18 59 
100 102 71 71 112 43 99 104 73 55 69 87 113 5 47 12 70 87 98 93 41 48 13 89 82 70 75 87 21 43 75 122 117 91 32 60 80 96 22 78 31 86 115 90 64 47 60 66 41 23 78 64 71 42 87 49 118 83 32 14 106 90 82 64 60 100 43 4 120 95 67 85 87 51 111 97 49 118 97 49 114 91 50 93 13 89 85 39 94 24 56 46 73 46 21 94 95 40 96 66 
50 54 19 20 60 45 53 54 35 14 44 42 64 48 30 42 18 39 59 50 30 19 42 37 30 55 22 45 44 45 23 70 69 56 25 11 33 63 31 39 33 36 63 41 33 7 27 17 31 32 31 22 39 25 60 33 67 64 24 46 60 41 53 11 12 48 33 49 67 59 37 49 51 24 59 53 23 68 57 18 62 39 8 45 40 39 55 16 58 44 16 46 51 12 43 54 59 41 51 19 
22 19 42 27 39 89 14 26 71 34 26 7 74 82 74 75 30 11 15 75 47 63 79 31 32 97 42 72 85 89 43 66 78 88 55 49 60 94 67 10 76 55 64 59 24 46 67 51 47 71 14 59 77 69 96 77 69 104 55 75 77 15 22 40 32 55 77 83 61 89 23 82 84 36 41 11 67 72 84 38 64 48 52 64 75 17 21 59 88 85 58 91 91 57 69 81 88 85 72 25 
58 61 25 27 67 39 60 61 37 17 46 48 70 41 26 35 26 46 65 54 27 16 34 44 37 53 29 49 37 39 30 77 74 58 19 16 38 64 24 44 26 42 70 47 36 5 26 22 28 24 38 24 39 20 60 29 73 63 18 39 65 48 57 18 18 55 27 41 74 61 40 51 53 24 66 59 20 74 60 19 69 46 6 51 33 46 59 9 60 36 16 41 50 8 37 57 61 35 55 25 
44 51 21 33 41 63 54 45 26 47 71 49 25 85 48 78 31 44 69 20 67 42 76 25 23 55 18 19 74 63 17 35 30 34 63 29 11 40 68 58 61 3 27 3 61 45 34 23 68 66 43 26 33 49 46 49 30 57 62 84 23 42 75 29 40 13 53 84 34 35 64 31 32 59 38 58 43 30 29 54 26 9 39 8 76 39 75 50 34 72 33 63 46 43 81 26 34 62 17 41 
51 57 60 65 35 106 63 48 67 82 97 66 26 127 92 120 64 63 80 51 104 85 119 47 52 94 57 55 118 106 56 8 26 65 103 71 54 67 110 80 105 46 17 43 90 85 77 65 105 108 67 70 74 92 79 92 15 91 102 125 38 58 95 68 76 31 97 127 12 63 91 66 65 93 33 68 86 18 56 90 18 40 81 42 118 57 94 92 63 116 77 106 85 85 121 55 62 105 46 73 
49 56 40 50 39 81 61 48 42 65 86 59 7 104 67 98 48 55 78 25 86 62 96 35 37 68 37 29 94 81 36 19 12 40 83 49 29 43 88 71 81 23 10 18 77 65 52 43 87 86 56 45 48 68 54 67 11 66 82 104 15 52 88 48 59 12 72 104 20 39 79 40 40 77 36 66 62 10 32 73 9 20 59 16 96 49 87 70 38 92 53 80 59 62 101 30 38 80 20 58 
38 45 46 50 24 95 50 36 57 68 82 52 23 113 80 106 50 49 68 43 89 73 105 32 37 85 43 46 105 95 42 7 26 59 89 57 43 62 96 66 92 34 9 32 75 71 65 52 90 95 52 57 64 80 73 80 13 84 88 110 34 44 81 54 61 19 85 113 3 57 76 58 58 78 21 55 74 17 50 76 10 26 68 32 104 43 80 78 57 103 64 95 76 72 106 49 57 93 38 58 
45 52 44 51 32 89 57 43 50 68 86 57 13 110 74 103 50 53 74 34 89 68 102 34 38 77 40 37 100 89 39 10 16 49 87 54 36 52 93 70 87 29 1 25 78 69 59 48 90 91 55 52 56 75 63 74 5 75 86 108 23 49 86 52 61 14 79 110 11 48 79 49 49 79 30 62 69 8 41 76 0 23 64 24 101 47 85 75 48 98 59 88 68 68 105 39 47 87 29 59 
65 72 33 49 62 52 75 66 13 57 85 68 33 83 40 78 46 64 89 8 75 39 73 46 42 36 33 3 68 52 32 50 35 13 67 34 14 19 68 75 56 21 41 19 75 51 26 28 76 64 60 24 17 43 25 39 42 36 66 84 22 62 91 40 52 32 45 82 51 15 78 9 10 69 59 78 37 40 12 63 40 30 42 17 75 59 92 50 14 66 33 51 27 43 83 9 14 52 12 55 
38 44 3 17 42 56 46 41 29 28 54 37 43 69 40 63 14 33 57 34 49 31 62 20 13 56 1 31 62 56 1 49 48 45 46 14 18 52 52 43 50 16 41 21 44 28 28 11 50 52 28 19 35 38 54 42 45 62 45 67 41 32 59 11 22 27 45 70 46 47 46 40 41 40 41 47 33 47 43 36 41 18 24 26 61 30 60 35 46 61 22 57 49 29 64 40 47 54 33 24 
96 102 56 69 98 19 103 98 33 66 95 92 75 61 24 59 67 89 111 50 73 34 51 77 71 9 59 45 41 19 58 92 77 39 60 47 48 42 53 92 34 57 83 58 86 54 29 47 74 46 82 38 26 31 29 21 84 22 59 67 64 89 106 56 65 71 24 59 92 43 89 35 36 74 96 103 30 83 48 68 82 67 46 58 56 87 108 43 42 38 38 16 16 42 70 47 43 22 54 71 
32 29 43 27 48 85 24 36 71 29 17 15 79 74 71 67 30 18 20 78 38 60 72 37 36 95 43 75 79 85 44 74 84 89 48 47 62 96 60 1 71 58 71 62 15 41 66 50 38 64 16 59 76 65 97 74 76 103 48 66 81 23 16 39 29 60 73 75 69 91 13 83 85 28 49 20 64 79 87 31 71 53 48 67 67 24 16 54 90 79 56 87 90 53 60 84 90 81 76 23 
45 42 53 38 62 87 36 49 79 33 5 29 92 69 75 63 40 32 27 89 33 64 69 50 48 101 54 85 78 87 55 87 97 99 46 55 72 105 58 14 72 69 84 74 13 44 72 59 33 64 29 66 84 69 105 78 89 110 46 61 93 36 8 47 35 73 76 71 83 101 9 93 94 26 63 32 69 92 97 31 84 65 53 79 64 38 11 56 100 79 62 90 97 57 54 94 100 83 87 31 
59 59 43 34 73 60 56 63 62 17 25 44 89 40 49 34 35 44 53 77 5 41 40 53 48 78 46 72 48 60 47 91 93 83 16 38 60 89 28 33 43 61 85 66 19 22 52 44 6 34 36 49 65 43 86 53 90 89 17 33 86 48 38 35 24 71 50 42 87 86 22 76 78 6 73 53 45 91 84 9 85 62 31 71 34 48 41 30 85 49 41 62 75 33 27 81 86 55 77 26 
84 85 60 56 97 50 81 88 69 39 49 69 105 16 47 11 56 69 79 88 21 43 20 75 69 75 63 82 31 50 64 111 109 90 16 51 73 95 15 59 34 77 104 81 45 34 57 57 21 22 61 58 69 41 88 50 108 87 17 7 100 73 62 51 45 89 45 18 108 93 47 83 85 32 96 79 46 109 93 31 103 80 40 85 13 72 65 32 92 34 49 53 75 39 2 90 93 46 90 50 
52 58 57 64 37 102 64 49 63 81 97 66 21 124 88 117 63 63 81 46 102 82 116 46 50 89 54 50 114 102 53 7 21 60 101 68 50 62 107 80 101 43 13 39 89 83 73 62 103 105 66 66 69 89 74 88 11 86 100 122 33 58 95 66 74 28 93 124 12 58 90 61 61 92 34 69 83 13 51 89 14 37 78 38 115 57 94 89 58 112 73 102 80 82 119 50 57 101 41 72 
77 83 37 51 80 22 84 79 17 49 79 73 62 57 12 52 48 70 93 38 60 18 47 59 52 20 40 32 39 22 40 77 64 33 48 29 31 38 44 74 28 40 68 42 69 38 10 28 61 38 64 19 13 18 29 10 70 30 47 60 52 70 88 38 47 55 16 55 76 36 72 26 28 58 78 85 14 68 39 52 67 49 28 43 49 68 90 29 35 37 20 21 17 26 61 37 37 22 41 53 
58 63 19 30 64 35 63 61 22 28 58 53 58 52 19 46 27 49 72 40 42 9 43 41 34 41 23 34 41 35 23 68 62 43 33 8 25 49 35 53 29 30 60 35 48 19 12 11 43 33 43 9 25 17 46 21 63 50 32 52 51 50 67 17 25 45 23 51 66 46 51 36 38 38 62 64 12 63 45 32 59 37 9 38 43 48 69 17 45 40 1 36 36 10 50 42 46 32 41 32 
80 86 41 55 81 26 87 82 16 55 85 78 59 63 19 59 52 74 97 34 66 25 53 61 55 15 43 29 45 26 42 76 61 27 55 33 31 31 51 79 35 40 66 41 75 44 15 32 67 45 68 23 9 25 22 16 68 23 54 67 49 74 94 42 52 54 23 62 76 31 78 21 23 64 79 89 21 66 34 58 66 50 35 41 56 71 95 36 30 43 25 25 10 32 68 33 31 27 38 58 
97 99 69 68 109 44 96 101 72 51 65 84 112 2 47 9 67 83 95 92 37 47 12 87 80 71 72 86 22 44 73 120 116 91 28 58 78 96 19 74 31 84 112 88 60 44 59 64 37 21 75 62 71 42 87 49 116 84 29 9 105 87 78 61 57 98 43 4 118 95 63 84 86 47 108 94 48 117 96 45 112 89 47 92 11 85 81 37 94 25 54 47 74 44 16 94 95 41 95 63 
77 83 38 52 78 28 84 79 13 52 82 74 57 63 18 59 49 71 94 32 65 23 53 58 52 18 40 27 46 28 39 73 59 26 53 30 28 31 50 76 34 37 64 39 72 42 12 29 65 44 65 20 7 24 23 16 66 26 52 66 47 71 91 39 50 52 22 61 73 30 75 20 22 62 76 85 19 64 33 56 63 47 32 39 56 68 93 35 29 43 23 26 12 30 67 31 30 28 36 55 
75 79 39 45 83 21 78 79 36 35 62 66 77 34 12 29 43 64 83 56 39 11 24 60 53 40 42 51 21 21 43 88 81 56 25 27 44 61 20 63 9 50 80 54 53 23 23 31 39 15 56 28 35 6 53 16 83 53 24 36 70 66 74 34 36 65 11 33 86 59 57 49 51 40 82 78 12 83 60 35 79 57 18 57 26 64 76 10 58 20 20 24 40 13 37 58 59 17 59 44 
55 62 41 52 45 77 67 54 38 66 89 64 6 103 64 97 50 59 83 19 87 60 95 40 40 63 38 24 91 77 37 25 10 34 83 48 27 37 87 75 78 22 16 17 80 65 49 42 88 84 60 43 43 66 48 64 16 60 82 103 8 56 92 49 60 16 69 103 27 32 82 35 34 78 42 71 59 14 25 74 16 23 59 14 95 54 91 69 32 89 51 77 54 61 101 24 31 77 15 60 
48 55 41 50 37 84 60 47 44 66 86 59 8 106 69 100 49 55 77 28 87 64 98 35 37 71 38 32 96 84 37 16 13 43 84 51 32 46 90 71 83 25 7 21 78 66 54 45 88 88 56 48 51 70 57 69 8 69 84 105 17 51 87 50 59 12 74 106 17 42 79 43 43 78 34 65 64 8 35 74 6 21 61 19 98 49 87 72 41 94 55 83 62 64 102 33 41 82 23 58 
85 86 58 56 97 44 84 89 65 39 53 71 102 11 42 5 56 71 82 85 25 39 13 75 68 69 62 79 25 44 62 110 107 85 16 48 70 91 10 62 28 74 102 79 48 33 52 54 25 16 63 54 65 36 83 45 106 82 17 7 97 74 66 50 45 87 39 13 107 89 51 78 80 35 97 81 42 107 89 33 102 79 38 83 7 73 69 28 88 27 46 47 70 35 8 87 89 40 86 51 
47 46 44 30 63 73 42 52 68 20 11 31 86 56 61 50 32 33 37 79 20 51 56 46 43 88 45 75 64 73 46 85 91 88 32 43 62 95 44 18 57 61 81 66 4 30 60 48 20 49 26 55 72 55 93 64 85 98 32 49 86 37 22 36 24 68 62 58 81 90 6 82 84 12 64 38 55 88 88 17 80 59 40 71 50 37 25 42 89 65 49 75 84 43 42 84 90 69 79 22 
43 50 42 49 31 88 55 41 49 66 84 55 14 108 73 102 48 51 72 34 87 67 100 32 36 77 39 37 99 88 38 11 18 49 85 52 35 53 91 68 86 27 2 24 76 67 58 47 88 90 53 51 56 73 63 73 7 75 84 107 24 47 84 50 59 13 78 108 11 48 77 49 49 77 28 60 67 10 41 74 2 21 63 24 100 45 83 74 48 97 58 87 67 67 103 39 47 86 29 57 
75 82 48 63 69 64 86 75 28 73 100 80 29 98 54 93 60 76 101 12 91 54 88 57 55 43 47 16 82 64 46 50 29 12 83 50 29 12 83 89 70 32 41 29 90 67 41 44 92 79 74 40 30 58 25 52 40 37 82 100 17 74 105 55 67 37 59 97 52 9 93 16 15 84 66 89 52 37 4 79 41 40 58 24 90 71 106 66 9 79 49 62 34 59 99 7 8 64 15 70 
24 18 50 36 40 97 12 27 79 42 30 13 78 89 83 83 38 18 7 82 54 72 87 37 39 105 50 80 93 97 50 69 83 95 63 57 67 101 75 16 84 62 68 65 30 54 76 59 54 79 22 68 85 78 104 86 73 112 63 82 83 20 22 48 41 60 85 91 64 96 28 90 91 43 42 7 76 76 91 46 68 55 60 70 82 23 20 67 95 94 66 99 99 65 75 88 95 94 79 34 
87 38 84 27 45 48 57 61 26 0 92 57 80 1 84 58 82 5 60 93 3 98 62 79 48 61 40 47 41 44 26 4 63 58 14 48 44 55 49 58 48 0 83 46 87 63 70 79 52 27 9 60 1 82 7 62 83 67 98 45 59 55 17 29 77 47 61 28 76 95 30 25 90 4 2 67 78 27 66 47 96 25 57 82 64 99 37 95 22 12 12 72 69 31 74 67 17 81 71 63 