40 100 5
104 80 86 113 12 85 53 101 25 10 22 28 31 68 109 67 71 34 79 59 37 90 112 88 109 87 88 40 68 18 73 68 69 82 108 80 17 76 86 99 116 92 86 28 66 65 84 22 98 69 77 5 87 53 89 103 71 66 83 78 97 78 3 74 76 100 46 15 83 50 12 72 86 33 54 30 75 69 68 53 6 41 93 94 82 69 50 12 77 56 74 71 113 42 55 32 68 80 91 95 
30 94 95 24 118 73 82 28 116 119 108 107 99 61 23 68 60 95 50 100 98 54 25 76 19 83 81 99 64 111 58 60 66 47 27 73 112 93 86 41 17 48 88 100 63 64 47 113 39 60 58 125 95 78 42 25 58 82 50 56 49 72 129 68 82 28 82 119 72 99 125 63 43 97 76 102 98 74 65 80 128 87 37 41 51 79 80 124 79 79 54 96 20 86 83 106 99 53 37 70 
66 30 36 74 49 35 55 67 59 48 45 53 26 51 72 61 57 41 58 11 52 45 88 38 76 36 93 11 58 34 58 48 29 49 85 30 37 25 94 57 89 78 95 37 48 36 48 54 79 50 37 52 100 24 53 71 42 17 65 64 52 29 54 28 82 70 34 54 83 69 57 63 55 45 26 24 26 22 58 18 48 38 68 55 65 73 44 41 81 54 49 87 76 35 59 56 20 42 61 44 
72 99 104 77 60 87 22 63 50 62 51 44 58 31 72 18 27 42 36 87 35 76 55 92 65 97 18 70 23 64 28 36 62 52 52 82 62 95 18 75 62 31 19 49 33 48 59 51 40 34 62 67 25 54 59 59 47 77 31 25 79 80 72 71 6 55 42 58 11 25 64 20 50 41 52 63 98 71 22 59 76 40 44 67 30 3 32 75 5 22 42 18 74 43 18 41 94 60 50 93 
49 49 55 57 48 40 31 46 51 48 38 42 25 23 54 33 28 27 30 39 36 37 62 45 54 48 66 27 30 38 30 19 16 26 59 35 39 45 68 44 64 49 69 29 20 10 29 46 51 21 22 54 74 5 33 48 16 28 37 36 43 32 58 25 55 46 13 50 55 49 56 35 31 31 3 29 48 23 30 10 55 20 42 39 37 47 20 50 54 29 22 63 57 17 35 43 44 25 37 48 
67 57 63 76 29 54 29 64 34 29 20 26 8 34 72 38 38 13 44 40 24 55 77 58 72 60 68 20 37 20 40 33 33 45 74 48 21 52 68 63 80 60 69 11 31 28 47 29 65 34 40 35 73 17 52 66 34 37 49 46 61 46 39 40 56 63 10 32 59 40 37 42 49 17 17 13 54 36 37 19 37 11 57 57 49 47 19 32 56 29 38 59 76 8 33 28 48 43 54 63 
48 18 17 54 87 8 79 55 95 86 80 87 62 64 55 77 69 73 64 34 83 25 82 3 63 5 110 50 72 72 69 59 33 47 80 13 75 19 112 37 79 83 114 71 62 47 42 89 80 61 34 90 120 46 45 61 49 24 72 74 29 16 93 24 101 63 60 91 98 97 95 76 52 77 47 61 24 25 73 42 87 67 67 41 72 92 68 80 99 77 55 110 58 63 83 89 28 37 57 9 
62 103 107 66 78 87 37 53 70 80 68 63 71 34 60 25 28 58 31 95 53 73 37 92 52 98 19 81 27 80 27 38 64 48 35 83 78 99 24 68 45 16 26 65 36 51 55 69 24 36 61 86 33 61 53 47 47 81 23 21 74 81 90 72 21 43 53 77 10 46 83 22 44 57 59 76 103 74 26 66 93 53 33 61 23 22 44 91 18 35 40 35 62 55 35 60 100 58 42 91 
45 21 24 52 72 9 64 49 79 71 65 72 47 50 52 63 55 57 52 26 67 22 75 13 58 16 96 36 59 58 56 45 19 37 72 4 61 18 98 35 73 72 100 56 48 33 33 74 70 48 22 76 106 31 37 55 36 10 60 62 28 3 79 10 86 55 45 76 84 82 80 63 43 61 31 47 23 10 59 26 73 51 58 35 61 78 53 67 85 62 43 95 56 48 68 73 24 27 48 18 
81 86 91 88 29 80 16 75 20 31 21 13 33 37 84 30 37 17 47 69 6 76 77 85 80 87 47 49 33 36 39 40 56 57 74 74 33 81 45 80 83 55 45 22 36 45 63 20 62 39 60 37 48 41 66 73 47 65 48 42 81 72 41 65 34 70 27 27 42 11 33 35 59 14 41 38 83 62 32 46 45 21 60 73 47 28 21 45 36 19 47 32 87 24 16 10 77 61 62 88 
43 96 99 45 91 77 50 34 85 92 80 77 77 35 40 36 31 68 26 92 67 60 14 82 31 88 42 84 34 88 29 37 58 38 12 74 88 93 47 52 22 11 49 74 38 48 43 84 5 36 52 98 56 61 39 27 42 76 20 24 59 72 103 65 43 24 59 90 33 64 97 30 32 69 59 82 97 69 34 66 104 61 17 46 20 42 52 101 40 47 35 58 41 62 50 75 96 48 27 79 
68 22 28 76 57 32 64 70 68 56 53 62 35 59 75 69 64 50 65 2 61 46 93 34 80 31 102 19 66 42 66 55 33 54 90 28 45 18 103 59 93 85 104 46 56 43 52 62 85 57 41 59 109 32 57 75 48 17 72 72 53 28 61 30 90 75 43 62 91 78 65 71 60 54 34 32 17 24 66 26 54 47 74 58 73 82 53 47 90 63 55 96 79 44 68 65 11 46 66 41 
91 122 127 95 75 110 43 81 63 77 68 59 78 54 90 40 49 62 56 109 52 98 67 115 82 119 11 92 45 82 49 59 84 73 65 104 80 118 6 95 75 45 4 68 55 71 80 65 54 57 84 82 3 76 80 76 69 100 50 45 100 102 86 94 17 72 64 72 22 37 77 41 71 59 75 83 121 94 44 82 91 61 62 88 49 25 54 92 19 44 63 16 91 64 39 55 116 82 70 115 
81 54 61 90 25 59 46 80 36 24 23 33 10 52 87 56 56 25 62 34 35 65 95 62 88 61 85 14 55 9 58 50 44 60 91 53 13 50 84 75 98 79 85 19 49 44 62 31 83 52 52 27 88 30 67 82 50 40 67 64 72 52 29 48 72 80 29 30 76 52 32 60 65 28 31 5 50 43 55 28 24 28 75 71 67 64 37 17 72 46 55 73 91 26 49 36 43 57 70 68 
41 24 27 48 75 8 64 45 81 74 67 73 49 49 48 62 54 58 50 30 68 17 71 13 54 17 95 39 57 61 54 44 18 34 68 2 63 22 97 30 69 69 99 58 47 31 29 76 67 46 20 79 105 32 34 51 34 14 58 60 24 1 82 9 85 52 45 78 83 82 83 62 40 63 32 49 27 11 58 28 77 52 54 31 58 77 53 70 84 61 41 95 51 49 68 75 28 24 45 16 
60 76 81 67 44 66 6 54 40 46 34 31 35 16 63 11 16 22 26 63 21 58 57 71 59 74 42 46 13 44 18 19 40 37 54 60 42 71 42 60 62 36 43 29 15 28 43 38 43 18 42 52 48 30 45 52 28 54 28 22 62 58 56 50 30 49 18 44 32 26 51 17 38 23 28 40 74 49 12 35 58 17 39 53 27 21 8 56 29 3 26 37 66 19 9 29 70 42 41 73 
55 89 94 60 66 75 25 46 59 68 56 52 57 20 55 11 14 45 20 80 42 62 39 80 48 85 27 67 12 66 13 24 51 37 36 70 65 85 30 59 46 16 32 51 22 37 44 58 24 22 49 74 39 46 43 42 34 68 14 9 64 68 78 60 21 38 39 65 15 38 72 7 35 45 45 62 89 61 12 52 80 39 27 52 13 16 30 78 18 22 28 35 57 41 24 49 86 46 34 80 
48 97 100 50 87 79 45 38 81 88 76 73 75 33 45 31 29 64 25 92 63 63 20 84 36 90 36 82 30 85 26 36 59 39 18 76 85 94 41 55 28 6 43 71 36 48 45 79 8 34 54 94 50 60 42 32 42 77 18 21 62 74 99 66 37 28 56 86 27 59 93 26 34 65 58 80 98 69 30 65 100 58 20 49 18 36 49 98 34 43 35 52 46 59 45 70 96 50 30 82 
13 62 64 21 83 42 53 9 84 84 73 75 62 31 17 43 33 61 23 63 66 24 34 46 18 52 69 61 38 75 32 28 29 11 31 39 76 59 73 16 32 37 75 65 32 27 9 80 32 28 21 90 82 40 4 14 22 45 29 34 23 38 94 32 64 14 47 85 57 73 91 39 9 64 39 65 64 37 39 43 92 53 20 9 30 58 47 87 61 50 21 77 21 51 55 74 64 16 10 43 
19 82 82 11 113 61 79 21 112 113 103 103 92 58 13 67 58 90 48 89 94 42 32 63 15 70 85 90 63 105 57 56 57 40 33 61 106 81 90 29 24 51 92 94 59 57 38 109 42 56 48 120 99 70 33 22 51 71 50 56 36 61 124 57 84 26 76 115 75 98 121 63 37 93 69 95 86 64 64 72 122 82 36 30 51 80 76 117 81 76 49 98 9 81 81 102 88 44 33 57 
61 76 82 68 44 67 5 55 39 45 34 30 35 17 64 12 17 22 27 64 21 59 58 72 60 75 41 47 13 44 19 20 41 38 54 61 42 72 42 61 63 37 43 29 16 28 44 37 43 19 43 51 48 30 46 53 29 55 28 23 63 59 56 51 29 50 19 44 32 25 50 17 39 22 29 40 75 50 13 36 58 17 40 54 28 21 9 56 29 2 27 36 67 19 9 28 70 43 42 74 
32 35 38 40 73 17 56 35 77 72 64 69 48 39 39 53 44 54 39 37 63 12 61 22 44 27 85 41 48 60 45 34 11 23 58 13 62 32 88 23 59 58 89 55 38 23 18 73 56 36 9 78 95 27 23 41 24 19 47 50 19 11 81 6 76 41 40 76 73 75 81 52 29 58 27 49 37 12 49 26 77 47 44 22 48 68 46 71 74 53 30 86 43 44 60 70 37 13 34 22 
36 69 73 43 66 53 30 29 64 67 55 55 49 9 38 20 10 42 4 63 45 40 37 58 34 63 49 54 15 61 9 8 30 15 33 49 60 65 52 38 40 24 54 48 11 18 22 61 25 7 27 73 61 31 22 28 13 48 12 13 42 47 77 38 42 24 31 67 37 50 73 17 14 45 29 53 69 41 16 36 77 35 17 31 12 35 27 73 40 27 6 54 41 34 33 53 67 24 16 57 
40 47 52 48 57 35 36 38 59 57 47 51 34 22 45 35 27 36 26 40 44 29 56 40 46 44 68 34 30 47 29 17 9 18 53 29 48 44 70 35 57 46 71 38 20 4 20 55 47 20 13 63 77 12 25 41 10 26 34 34 35 27 67 19 58 39 21 59 56 56 65 35 24 40 11 37 47 19 31 15 64 28 36 30 34 50 26 59 57 34 17 67 49 26 40 51 45 16 30 42 
26 46 48 34 72 27 50 26 75 72 63 66 49 31 32 44 35 52 29 46 59 15 50 32 35 38 76 46 39 62 35 26 12 13 47 24 63 43 78 19 49 48 80 54 30 17 8 71 45 28 4 78 87 27 13 31 16 28 37 40 19 22 82 15 68 31 37 75 63 69 81 43 18 55 26 51 48 20 40 28 79 44 33 15 38 60 41 73 66 47 21 79 36 41 53 67 47 2 24 31 
92 89 95 100 20 87 29 87 7 22 16 7 34 49 96 43 50 21 60 71 13 85 91 91 93 93 58 50 46 31 52 51 64 69 87 81 28 85 55 90 96 68 55 23 48 55 73 9 76 51 69 26 56 48 77 86 58 70 61 55 91 79 30 72 46 82 35 16 54 19 21 49 71 17 48 37 86 69 45 52 36 28 73 84 60 41 32 38 47 32 59 40 99 31 29 5 80 71 74 95 
59 14 20 67 66 21 67 63 75 65 61 69 42 57 66 69 63 55 61 12 67 36 87 22 72 19 102 28 65 51 64 53 28 48 84 17 54 9 104 49 86 81 105 53 55 40 45 70 81 55 34 69 110 33 50 68 45 9 69 70 42 17 71 22 92 68 46 71 91 82 74 70 54 60 34 40 12 17 66 27 65 51 69 49 70 83 55 58 90 65 52 98 70 48 71 71 10 39 60 29 
92 63 69 100 20 69 51 90 33 18 22 32 19 61 98 63 65 30 71 42 38 76 104 72 98 71 89 24 63 8 67 59 55 70 101 64 10 59 88 86 107 87 88 23 58 54 72 29 92 61 63 19 91 40 77 92 60 50 76 72 83 62 20 59 76 90 37 25 82 54 25 68 75 31 42 16 58 53 63 39 13 35 84 81 76 69 44 7 77 52 65 75 101 34 54 36 51 67 80 78 
74 46 52 82 33 49 46 73 43 32 29 38 11 48 80 54 53 28 57 26 39 56 90 53 81 52 85 5 53 18 55 46 36 53 86 44 21 42 85 67 92 75 86 23 45 38 54 38 79 48 45 36 90 23 59 76 44 31 64 61 63 42 38 39 73 74 26 38 76 56 41 58 59 31 25 8 42 34 53 21 33 28 70 63 64 65 36 26 73 46 50 75 83 25 50 41 35 49 64 59 
40 36 41 49 61 24 47 41 66 61 53 58 37 33 47 46 39 43 36 32 52 23 63 29 50 33 79 31 42 49 40 29 3 24 60 18 51 33 81 33 63 56 83 44 31 16 22 61 56 31 11 66 89 16 28 45 20 16 44 45 30 16 70 8 69 45 29 65 67 65 70 46 30 47 16 38 37 8 42 14 66 36 44 29 45 61 36 60 68 45 27 78 50 33 51 59 35 16 36 32 
49 67 72 56 52 55 18 43 49 52 41 40 36 6 52 14 10 28 17 57 31 47 50 60 49 65 48 44 11 47 12 7 30 25 46 50 47 63 50 48 54 32 51 34 4 17 31 46 37 7 31 59 57 23 33 42 16 46 21 18 50 48 63 39 38 39 18 52 36 38 59 16 27 30 22 41 67 40 11 29 63 21 30 41 21 29 13 60 36 15 15 47 55 21 21 39 63 31 30 62 
13 76 77 13 98 55 64 7 97 99 88 88 78 42 9 52 42 75 32 79 79 36 23 59 2 66 71 78 47 91 41 40 45 26 22 54 91 74 76 24 18 37 78 79 44 43 26 94 29 40 37 105 85 57 21 6 37 61 34 40 32 53 109 48 69 10 62 99 60 83 106 47 22 78 55 81 79 54 48 59 108 67 21 21 35 64 60 103 66 61 34 83 9 66 65 87 80 32 17 54 
22 42 43 28 89 21 68 29 92 88 80 84 64 48 29 62 52 69 44 51 77 4 56 24 37 31 92 57 57 76 52 44 26 27 55 22 78 41 95 11 53 61 97 70 48 35 21 88 56 45 20 94 103 43 22 36 34 33 52 56 3 22 97 21 85 38 54 91 79 88 97 60 31 73 42 65 46 28 58 42 93 61 44 15 52 77 59 87 82 65 38 96 32 59 71 84 48 19 34 19 
13 75 77 14 97 54 62 6 96 97 86 87 77 41 9 50 41 74 31 78 77 35 23 58 3 65 71 77 46 89 40 39 44 25 22 53 90 73 75 23 19 36 77 78 43 41 25 92 28 39 36 103 84 55 19 5 35 60 33 39 32 52 108 47 68 9 60 98 60 81 104 46 21 76 54 80 78 52 47 58 106 66 20 20 34 63 59 101 65 59 32 82 10 65 64 85 79 31 16 53 
74 95 100 80 51 85 15 66 41 52 42 35 50 31 75 18 28 34 38 81 26 76 62 90 69 93 26 64 23 55 29 35 59 53 59 79 53 91 25 76 68 38 26 41 32 46 59 41 47 34 61 58 30 49 60 63 46 73 35 29 79 77 62 69 13 59 36 49 21 16 54 22 52 32 47 55 93 68 22 54 66 33 48 69 34 7 26 66 14 16 42 17 78 36 11 31 89 60 53 91 
64 10 16 71 69 23 71 67 79 68 64 73 46 63 71 74 68 60 67 11 71 40 92 23 76 19 108 31 70 53 69 58 33 54 89 21 57 6 109 53 91 87 110 56 60 45 50 73 86 60 39 71 116 38 55 73 50 15 75 75 46 22 73 27 97 73 50 74 96 87 77 75 60 64 39 43 7 23 71 32 66 56 74 54 75 88 60 59 96 70 57 103 74 52 76 75 5 44 65 31 
27 62 65 34 71 45 39 21 71 72 61 62 51 18 30 30 20 48 12 59 53 30 36 49 28 55 59 53 25 64 20 15 24 5 33 41 64 59 63 27 38 31 64 52 18 17 12 67 29 15 19 78 71 31 12 22 10 43 20 23 32 39 82 31 53 20 35 73 47 59 79 28 5 51 29 55 63 35 26 34 81 40 17 20 21 46 34 76 50 36 7 65 33 39 42 61 62 15 10 48 
34 36 39 42 69 20 52 36 73 69 60 65 44 36 41 49 41 50 37 36 59 15 60 25 45 30 82 38 45 57 42 31 7 22 57 15 59 33 85 25 59 56 86 51 34 19 18 69 55 33 7 74 92 23 23 41 21 18 45 47 22 13 77 5 73 41 36 72 70 71 77 49 28 54 23 46 38 10 46 22 73 43 42 23 45 65 42 67 71 50 28 83 44 40 56 66 37 12 33 26 
79 94 100 86 43 86 15 72 33 45 35 27 46 35 81 24 33 29 44 79 19 79 70 91 76 94 33 60 28 49 35 39 61 57 66 80 47 90 31 80 76 46 31 35 35 48 63 33 54 38 63 50 34 48 65 69 49 73 42 35 83 78 55 70 20 66 35 41 29 8 46 29 57 27 47 51 92 68 27 54 59 30 55 73 41 16 26 59 22 17 46 19 84 33 11 23 87 63 59 93 
12 53 54 20 86 32 60 16 88 86 77 79 63 39 19 52 42 65 33 58 72 13 44 36 25 43 80 60 47 76 41 35 26 17 42 31 77 51 84 6 41 48 85 68 39 30 11 84 43 36 18 92 92 41 10 23 26 40 40 44 11 30 96 26 74 25 50 89 68 80 94 49 19 68 40 65 56 32 48 42 93 57 31 2 41 67 53 87 72 57 28 86 22 55 63 79 57 14 21 32 
44 97 42 32 35 76 28 50 41 0 65 90 52 14 3 56 13 33 20 73 74 38 13 28 96 12 12 9 90 26 70 7 94 40 81 54 64 81 89 34 4 88 89 91 92 84 84 82 23 8 21 99 60 69 45 24 70 78 60 45 23 3 6 88 14 77 2 15 26 9 54 84 56 78 36 97 68 21 29 89 16 88 84 33 88 85 14 94 33 64 32 98 20 78 5 18 25 11 65 44 