40 100 5
27 24 18 55 61 53 76 16 32 30 33 53 37 60 36 37 7 29 39 22 34 56 43 37 27 47 44 65 54 18 10 45 32 17 43 57 53 15 45 29 27 58 28 40 30 47 42 9 36 61 52 42 48 35 29 39 48 72 25 29 46 72 14 49 81 30 43 44 62 34 28 43 43 31 48 45 49 37 3 25 31 16 25 33 56 57 38 62 17 32 20 48 21 20 62 62 53 53 46 63 
68 70 67 4 27 14 59 65 74 35 72 91 65 78 20 17 47 81 14 64 51 20 43 75 34 71 33 38 88 58 62 49 73 69 64 72 78 56 49 61 30 29 78 79 27 79 86 43 18 22 57 85 89 21 75 56 22 36 39 65 86 54 43 33 60 82 30 75 40 18 33 72 45 66 20 27 82 41 54 31 76 48 48 19 97 43 75 64 42 22 33 16 73 42 44 97 53 14 87 99 
42 40 27 42 45 38 61 25 35 30 48 54 31 52 29 23 9 42 26 37 23 41 28 37 11 41 28 49 53 32 25 31 47 33 35 48 47 29 31 41 11 53 39 41 25 44 58 11 28 46 40 57 64 20 45 47 32 66 10 42 48 57 3 47 66 45 27 41 46 24 27 39 28 29 33 41 48 40 19 21 37 8 33 21 60 41 38 49 3 18 7 40 34 6 47 62 39 38 62 63 
15 7 25 77 84 76 99 25 39 43 19 59 53 76 55 60 31 21 61 14 55 80 65 47 51 62 67 88 63 18 17 67 16 9 60 75 67 18 66 25 51 72 26 48 48 58 21 31 56 85 73 21 28 58 9 39 72 86 49 21 52 95 37 61 104 15 67 57 86 55 44 57 65 45 72 60 60 47 21 43 35 38 32 55 59 80 48 82 40 55 44 66 16 43 86 69 74 76 26 69 
87 85 66 39 16 27 18 65 65 64 93 73 47 48 52 35 54 82 36 82 35 22 22 61 35 48 18 7 67 76 69 23 92 77 41 42 52 74 24 85 36 70 76 64 55 59 104 56 49 22 26 103 109 34 90 86 20 77 36 86 70 13 48 71 21 87 19 54 2 45 61 52 22 53 22 64 62 74 64 55 69 47 73 41 81 7 61 28 44 37 44 55 76 42 3 74 21 27 107 77 
25 23 21 54 61 53 78 19 35 27 31 56 40 63 34 37 9 31 38 20 37 56 44 40 28 50 45 65 58 16 12 47 30 18 46 60 56 13 47 26 27 56 31 43 28 50 41 8 35 61 55 40 47 34 28 36 48 69 27 27 49 74 15 46 83 31 44 47 63 33 26 46 44 34 48 43 53 34 3 22 34 18 22 32 59 58 41 64 18 32 20 46 22 21 64 65 55 53 45 66 
73 79 88 35 60 48 92 85 98 41 75 118 93 110 35 47 67 98 44 71 81 53 76 101 62 102 66 71 116 66 79 81 77 83 94 104 108 66 81 64 58 12 98 105 40 107 89 61 36 54 90 88 90 51 82 52 56 2 67 68 112 87 66 23 92 97 63 103 73 41 42 101 77 93 54 25 111 38 70 45 99 72 53 44 123 77 102 97 66 49 57 24 89 68 78 125 86 48 88 127 
18 11 30 83 90 82 105 30 43 49 19 61 58 81 61 66 37 22 68 18 61 86 71 50 57 67 74 95 66 24 23 73 17 14 65 79 71 24 72 28 57 78 28 51 54 62 17 38 62 91 79 17 24 64 9 42 78 91 55 24 54 101 43 66 110 14 73 61 92 62 49 61 71 50 78 65 63 51 27 49 38 44 37 61 60 86 51 87 47 61 50 72 19 49 92 71 80 82 23 71 
54 52 38 34 32 27 50 36 42 35 59 59 33 49 28 16 21 53 18 49 20 29 18 43 2 40 16 36 56 43 37 23 59 45 33 44 47 40 23 52 4 52 49 46 27 47 70 23 26 34 32 70 76 11 57 55 20 64 7 53 53 45 15 48 54 57 14 42 34 21 32 40 19 34 21 42 50 45 31 25 45 17 42 17 65 29 43 41 12 12 11 38 46 11 35 64 30 27 74 67 
67 70 70 8 33 20 65 68 78 34 72 96 69 84 19 21 49 83 18 64 56 26 49 79 38 76 39 44 93 58 64 54 72 70 69 78 83 56 55 60 34 24 81 83 26 84 85 45 18 28 63 84 88 25 75 54 28 30 43 64 90 60 46 29 65 84 36 79 46 20 32 77 50 70 26 23 87 38 56 31 80 51 47 22 102 49 80 70 45 25 36 11 75 46 50 101 59 20 86 103 
84 79 52 63 45 52 31 52 44 73 89 45 25 17 66 50 51 66 53 79 22 48 21 38 38 21 30 38 38 75 59 16 88 67 17 11 23 72 15 85 42 89 59 40 65 32 97 56 63 51 7 97 104 47 84 91 42 99 35 85 44 30 45 86 38 73 34 28 33 58 70 27 20 33 44 79 34 83 59 63 50 40 77 54 53 24 38 7 42 49 48 74 63 39 29 44 11 52 102 47 
82 79 54 55 36 44 25 53 48 68 88 52 29 26 60 44 49 69 46 78 21 40 15 43 34 27 23 29 45 73 60 10 87 68 22 19 31 70 11 83 37 82 62 45 60 38 97 53 57 42 4 96 103 40 84 88 34 91 32 84 50 23 43 80 32 75 26 34 25 52 65 32 14 37 36 73 41 78 58 58 53 39 74 48 60 16 42 8 39 43 44 67 65 36 20 52 3 44 101 55 
25 24 27 50 59 50 78 25 40 21 30 62 44 67 30 34 11 37 35 20 39 54 45 45 28 54 45 65 63 14 17 49 30 22 49 63 60 11 48 24 26 50 36 48 23 55 42 6 30 59 57 41 47 32 29 31 47 64 28 25 55 74 16 40 83 36 43 52 63 29 20 51 46 39 47 37 58 29 9 17 39 21 17 29 65 58 46 66 20 29 19 41 28 23 64 70 56 50 45 72 
68 70 65 4 24 10 55 63 72 37 73 88 61 74 21 15 45 80 12 64 48 16 39 72 31 68 29 34 85 58 61 45 73 68 60 68 74 56 45 62 28 33 76 76 27 76 86 42 19 19 53 85 90 18 75 58 18 40 36 65 83 50 41 36 56 81 26 71 36 18 34 69 41 63 16 30 79 43 53 31 74 45 49 18 95 39 73 60 40 19 31 19 71 40 40 93 49 10 88 96 
93 92 74 39 14 27 18 72 73 68 98 81 55 55 55 39 61 89 39 88 42 21 29 69 41 56 24 4 75 82 76 31 98 84 49 49 60 79 32 90 42 71 84 72 58 67 110 62 52 20 33 109 115 38 97 90 23 76 43 92 78 14 54 73 18 94 25 62 6 48 65 60 30 61 25 66 70 77 71 59 77 54 78 45 89 15 69 34 51 41 50 56 83 49 9 82 29 27 113 85 
12 20 48 71 86 75 109 47 63 32 10 84 73 96 47 60 41 48 60 15 70 80 76 70 58 83 74 93 87 17 37 80 12 33 79 93 88 21 79 7 56 56 52 72 41 81 23 37 50 85 87 22 23 59 20 15 74 68 59 7 77 104 47 44 113 42 73 79 92 52 34 78 76 66 74 46 83 29 34 38 60 52 19 53 85 88 71 97 51 56 48 56 42 54 94 94 87 75 21 95 
62 60 43 35 27 26 41 41 44 44 68 58 31 44 35 20 29 58 22 57 17 26 10 43 10 37 8 29 54 52 44 15 67 52 29 38 43 49 16 61 13 58 53 46 35 45 79 31 33 30 24 78 84 16 65 64 17 68 11 62 53 36 23 55 45 63 8 40 26 27 41 38 11 34 18 49 49 54 39 34 48 22 51 23 65 21 43 33 19 18 20 43 52 17 26 62 22 26 82 65 
51 53 54 21 39 26 67 52 64 19 55 83 58 76 4 14 33 67 12 47 46 32 43 66 27 66 35 48 81 41 48 48 56 53 59 70 73 39 48 44 23 26 65 69 9 72 69 28 1 35 57 68 72 17 58 40 28 38 32 48 76 62 31 23 69 67 32 68 48 5 16 66 44 57 27 16 75 26 39 14 65 37 31 9 88 48 66 65 31 15 21 12 58 33 51 89 54 26 70 91 
29 36 55 53 72 59 98 53 69 16 31 91 73 95 30 45 40 61 45 28 66 65 68 75 50 83 64 80 92 25 44 73 32 45 77 91 89 26 73 19 46 34 63 78 26 84 44 33 33 69 82 43 45 47 38 8 61 46 52 23 84 93 43 22 101 57 61 81 80 36 19 80 69 68 59 25 87 8 37 25 68 49 13 39 94 78 76 91 46 43 39 35 52 49 82 100 80 59 43 101 
43 35 19 89 88 84 94 21 21 64 47 34 40 60 72 70 40 7 72 41 50 86 62 28 55 47 69 89 40 43 26 62 45 23 48 60 49 42 61 52 57 93 8 28 65 39 45 44 72 91 65 45 52 66 37 66 77 107 51 49 28 91 44 83 100 14 69 40 86 69 63 40 62 32 78 80 39 70 34 60 16 40 56 67 32 77 29 72 45 65 53 84 16 46 84 44 68 84 51 44 
26 20 11 66 70 64 83 10 26 39 31 48 37 61 47 48 17 18 50 22 39 66 49 33 36 47 52 73 50 21 1 51 30 8 44 59 52 19 50 32 37 69 18 35 41 44 37 20 48 72 57 37 44 45 24 44 58 82 34 30 40 79 23 59 89 19 52 42 71 46 39 42 49 30 58 56 46 46 10 35 23 22 32 44 49 64 34 66 26 43 31 59 9 28 70 57 58 64 42 58 
38 34 13 57 57 52 68 11 22 39 44 43 25 49 42 38 10 28 40 34 24 54 34 26 23 35 38 59 43 30 14 36 43 23 31 46 41 27 35 41 25 66 24 29 37 35 52 17 41 59 42 51 58 34 38 50 45 79 20 41 36 64 12 58 74 32 38 32 56 38 37 31 34 19 46 53 38 48 14 32 22 8 37 35 47 49 27 51 13 33 22 54 21 14 56 51 43 52 56 52 
59 64 74 33 57 44 88 72 86 27 61 106 82 100 23 38 54 84 36 57 71 50 67 89 52 91 59 68 105 51 65 73 62 69 84 95 98 51 73 49 47 3 84 92 27 96 75 48 25 52 81 74 76 41 67 38 50 16 56 53 99 83 53 9 89 82 56 92 69 30 27 90 68 81 48 11 99 24 56 32 86 60 38 34 110 71 89 90 54 39 45 15 75 56 73 113 79 44 74 115 
68 69 62 10 20 6 50 59 67 37 72 83 56 69 23 11 42 76 9 63 42 13 34 67 27 62 23 30 79 57 58 39 72 65 54 62 69 55 39 62 24 38 73 71 28 70 85 40 20 16 47 85 89 14 73 59 12 46 31 65 78 45 37 40 51 78 20 66 31 17 35 64 35 58 10 33 74 45 50 31 70 41 49 16 89 34 68 54 36 16 28 23 68 35 35 88 43 6 87 90 
47 39 11 79 76 73 80 13 8 59 51 26 27 47 64 60 32 15 62 43 36 74 49 15 44 33 56 76 30 43 22 48 49 25 34 47 36 41 47 53 47 87 8 16 59 26 53 38 64 79 51 53 60 56 42 66 65 101 39 51 19 77 34 78 87 23 57 27 72 60 58 27 48 18 66 75 27 67 30 53 2 29 54 58 27 64 16 58 35 55 44 76 17 35 70 36 54 73 59 36 
61 65 68 17 42 28 73 66 78 27 65 97 72 88 15 25 47 81 22 58 59 35 54 80 41 80 45 52 95 52 61 59 66 67 72 82 86 51 60 53 36 15 79 84 22 86 79 42 15 37 68 78 81 29 69 46 35 24 45 57 91 68 45 19 74 80 41 82 54 19 26 80 55 71 33 14 89 30 52 27 79 51 40 23 102 56 81 76 45 27 36 3 72 47 58 103 65 28 79 105 
44 40 22 49 48 43 60 20 28 37 50 47 24 46 37 30 10 37 32 39 18 45 26 30 14 34 29 50 45 35 22 29 49 31 28 42 40 31 28 45 16 61 33 33 32 37 59 16 35 50 36 58 65 26 45 52 36 74 10 45 40 56 6 54 65 41 29 33 47 31 35 31 26 21 37 49 40 47 19 28 30 1 38 28 52 41 30 45 5 25 15 48 30 5 47 54 36 43 63 56 
81 73 45 102 91 93 82 47 30 91 85 9 36 36 93 83 62 46 86 77 50 92 61 26 66 32 72 87 13 77 56 58 83 59 39 41 28 75 57 88 70 117 40 23 88 22 85 69 91 96 55 85 92 79 75 100 83 129 61 86 16 81 62 109 89 54 74 26 82 87 89 29 60 35 85 104 18 99 63 83 33 55 87 84 8 73 25 57 61 80 71 104 51 59 78 8 59 93 91 5 
24 19 15 62 67 60 82 14 30 34 29 52 39 63 43 44 14 23 46 19 39 63 48 36 34 49 50 71 54 17 4 50 28 10 46 60 54 15 50 28 34 64 23 39 36 47 37 16 43 68 57 36 43 42 24 40 55 77 32 27 44 78 20 54 87 23 50 45 69 41 34 44 48 32 55 51 49 41 5 31 28 21 27 40 54 63 37 66 23 39 27 55 14 26 69 61 58 60 41 62 
48 41 11 72 68 66 72 12 5 56 53 26 19 41 59 53 27 22 56 44 28 66 41 11 36 27 48 68 28 43 22 40 51 27 27 40 31 40 39 54 40 83 15 13 54 22 57 33 58 71 43 57 64 49 45 65 57 96 32 52 19 69 28 75 78 29 49 21 64 54 54 21 40 11 59 70 24 64 28 49 7 22 52 51 30 56 12 51 28 48 38 71 21 28 62 35 46 66 62 36 
32 35 42 39 54 42 78 40 54 7 37 75 54 76 16 27 22 52 27 28 46 48 48 58 29 64 44 61 75 22 33 53 37 37 58 71 71 21 52 26 26 35 52 62 9 67 50 16 18 52 61 49 54 27 39 25 42 48 32 29 68 73 24 25 82 51 42 63 61 19 5 62 49 51 41 22 70 16 24 6 54 31 13 21 79 58 59 71 26 24 19 27 43 29 63 83 60 42 51 85 
87 86 68 37 13 25 20 66 66 64 93 75 49 51 51 34 55 83 35 82 36 19 23 63 35 50 18 4 69 76 69 25 92 78 44 44 55 74 26 84 36 68 78 66 54 61 104 56 48 20 28 103 109 33 91 85 19 75 37 86 72 15 48 70 22 88 19 57 1 43 60 55 24 55 21 63 64 72 65 54 71 48 73 40 83 9 63 30 45 36 44 53 77 43 6 77 24 25 107 79 
26 29 40 46 60 49 84 38 53 9 30 75 56 78 23 33 23 48 34 22 49 54 52 58 34 66 49 67 75 16 30 57 30 33 60 74 72 15 57 19 31 39 49 61 16 67 44 16 24 59 65 43 47 33 33 21 48 52 36 22 68 79 26 28 87 46 47 64 67 26 10 63 53 52 47 26 70 16 21 12 52 32 7 27 78 64 59 75 29 30 23 33 39 32 68 83 64 49 45 85 
30 37 57 55 75 62 101 55 72 19 30 93 76 98 33 48 43 62 48 29 69 68 72 77 53 86 67 83 95 26 46 76 32 46 80 94 92 28 76 19 49 35 65 80 29 87 44 36 36 72 85 43 44 50 38 6 64 47 55 23 86 96 46 24 104 58 65 84 83 39 22 83 72 71 62 27 90 11 39 28 70 52 15 42 96 81 78 94 49 46 43 38 54 52 85 102 84 62 42 103 
69 71 65 6 21 7 52 63 71 38 74 87 60 72 23 14 45 79 12 65 46 13 37 71 30 66 27 31 83 59 61 42 74 68 58 66 72 57 43 64 27 36 76 74 29 74 87 42 21 16 50 87 91 17 76 60 15 43 35 67 81 47 40 39 53 81 24 69 33 19 36 67 38 62 13 32 77 45 53 32 73 44 51 18 93 36 71 57 39 19 31 22 71 39 37 91 47 7 89 94 
70 74 77 18 43 30 75 75 87 36 74 105 79 94 24 31 56 90 28 67 66 36 60 88 48 87 50 54 103 61 71 65 74 76 79 88 93 60 65 62 44 16 88 92 31 93 88 51 24 37 73 87 90 35 78 53 39 19 53 65 99 70 54 25 75 89 47 89 56 27 35 87 61 80 37 21 97 38 62 36 88 60 49 31 111 60 89 80 54 35 44 12 81 55 61 111 70 30 87 113 
42 41 30 40 43 36 61 27 37 28 48 57 33 54 27 21 10 44 24 37 24 39 28 40 10 42 27 47 55 32 26 32 47 34 36 49 49 29 31 41 9 51 41 43 23 46 59 11 25 44 40 58 64 18 46 46 31 64 10 42 50 56 5 45 65 46 26 43 45 22 26 41 28 31 31 39 50 38 20 19 39 11 32 19 62 40 40 49 5 16 5 38 36 7 46 64 39 36 62 65 
35 41 54 42 61 48 89 52 67 7 38 88 68 89 19 35 36 62 34 33 59 54 60 72 42 78 55 70 89 28 44 65 39 46 71 85 84 28 65 26 38 26 63 75 16 80 52 29 22 58 74 51 54 37 44 18 51 40 45 30 81 84 38 15 91 60 52 77 70 26 10 75 61 64 49 15 83 3 35 17 66 44 15 29 92 69 72 83 40 34 32 25 53 43 73 97 72 48 52 98 
13 12 40 84 95 85 112 40 54 47 11 73 68 91 61 69 43 34 70 17 69 90 79 62 63 77 80 100 78 23 31 81 9 24 75 89 82 25 80 22 62 74 40 63 54 73 6 42 63 95 87 6 13 68 7 35 82 87 62 18 66 108 50 63 117 26 79 72 98 63 49 72 79 60 82 63 74 47 33 50 49 52 34 64 72 93 63 97 53 65 54 71 31 56 98 83 88 85 11 83 
63 68 76 27 52 39 84 73 86 30 66 106 82 99 23 35 55 87 33 61 69 45 65 89 51 90 56 63 104 55 68 70 67 72 82 93 97 55 71 54 46 4 86 93 28 95 80 49 24 47 79 79 81 39 72 44 46 14 55 58 100 79 54 15 85 85 53 91 65 29 30 89 66 81 44 13 99 29 59 33 87 60 42 33 111 67 90 87 54 38 45 12 78 56 69 113 76 39 79 115 
35 10 54 94 32 23 52 32 40 68 88 97 77 27 94 44 71 23 65 75 48 82 88 90 12 3 4 56 59 62 68 69 83 41 94 89 42 37 10 36 28 17 12 79 86 81 10 66 37 45 96 58 94 23 11 13 64 7 95 36 47 78 72 77 40 61 66 2 77 55 29 85 47 0 12 32 65 12 12 39 95 24 68 7 72 92 38 2 16 53 5 65 21 71 17 5 94 90 43 93 