100 100 5
31 25 79 37 84 64 5 62 28 68 70 75 69 88 81 64 63 8 39 65 112 95 85 36 16 70 57 93 72 62 66 84 14 11 34 50 53 45 51 82 73 40 78 62 38 79 96 71 66 76 60 38 109 15 29 59 83 26 75 38 10 53 95 68 22 32 80 30 30 94 21 77 41 43 24 28 41 36 86 54 43 42 70 4 88 92 76 15 52 47 76 81 59 116 23 71 15 78 47 87 
13 26 61 19 71 46 16 52 20 57 54 55 59 76 64 49 48 20 18 53 91 74 67 16 36 49 37 72 52 41 47 71 16 10 27 30 32 32 34 62 60 25 58 42 26 60 76 52 47 60 45 22 89 34 9 40 66 6 55 18 30 34 75 48 6 12 60 21 25 74 17 60 27 27 5 9 32 17 73 34 23 27 49 17 69 77 58 20 31 30 57 70 43 95 5 50 32 59 28 66 
45 49 62 27 86 1 60 76 39 28 64 19 34 41 20 15 63 59 33 73 60 47 67 30 76 25 19 38 13 24 48 35 61 55 38 19 21 23 13 26 76 24 28 39 58 18 47 48 45 17 62 25 50 73 42 9 22 39 48 28 72 15 61 8 48 35 49 37 65 37 60 14 24 21 41 42 65 43 35 27 34 54 19 60 59 35 56 65 30 17 15 88 12 61 47 22 68 17 17 41 
25 30 60 3 77 24 36 62 18 37 57 37 41 56 42 28 53 36 15 61 76 60 66 8 53 34 21 55 32 28 45 51 38 31 21 14 18 14 12 44 66 6 42 36 39 39 61 47 42 38 51 5 70 50 21 20 44 16 49 8 48 15 67 28 25 13 52 17 44 56 37 38 10 7 17 20 47 25 52 23 20 37 32 36 62 56 54 42 23 9 37 78 22 79 24 34 46 39 7 53 
83 64 107 61 130 46 87 119 61 21 109 60 19 5 32 32 107 81 72 117 92 86 112 66 94 69 64 72 55 69 93 11 93 83 55 62 65 46 48 63 120 54 69 84 98 52 84 93 90 31 106 56 75 90 79 54 32 73 92 66 92 59 103 51 82 71 93 59 102 70 94 40 51 51 73 78 105 83 13 72 76 95 63 86 102 23 100 96 74 50 51 133 38 90 81 66 85 53 56 81 
17 24 61 10 74 37 23 56 15 48 56 48 51 67 55 40 50 24 15 56 86 69 67 8 41 43 30 66 44 36 46 62 25 18 21 23 26 23 25 55 63 16 52 40 31 52 70 50 45 51 48 13 82 39 12 32 57 4 53 11 36 26 72 40 13 7 58 14 33 67 25 51 18 18 4 11 38 19 64 29 20 31 43 24 67 68 57 29 27 21 49 74 34 89 13 44 36 51 20 61 
9 46 47 31 52 53 28 32 39 71 37 57 74 89 73 61 30 36 21 34 86 68 52 26 48 47 38 70 55 39 35 84 20 24 45 34 34 47 45 62 41 39 56 33 7 63 70 40 35 69 27 36 88 48 13 45 75 21 45 26 43 38 64 53 14 21 50 39 12 72 14 67 42 40 22 14 13 10 85 32 20 9 50 30 57 88 44 22 28 42 61 51 55 91 14 49 47 62 37 61 
37 29 69 14 89 21 44 74 20 26 68 38 29 44 34 18 65 41 27 73 78 64 75 20 57 39 27 56 32 34 54 40 48 39 18 21 25 4 8 44 78 7 45 45 51 38 64 56 52 30 63 9 70 54 32 21 36 27 57 20 53 20 74 27 36 25 60 17 55 56 48 32 5 5 27 32 59 37 41 32 32 50 35 43 70 46 64 51 33 5 35 90 12 80 35 37 49 37 12 57 
11 28 60 20 69 46 16 49 22 58 52 55 61 77 65 51 46 21 18 50 91 74 66 16 37 49 37 72 52 41 46 73 15 11 29 30 32 34 35 62 58 26 57 41 24 60 75 51 45 61 43 24 89 35 8 41 67 7 54 19 31 34 74 49 4 12 59 23 23 74 15 60 29 29 7 7 30 16 74 33 22 25 49 18 68 79 56 19 30 31 58 68 45 95 3 50 33 59 29 66 
52 78 30 50 58 38 76 59 67 67 40 22 73 77 50 54 43 80 43 53 31 14 34 48 97 15 28 19 27 21 25 70 72 71 70 35 31 58 46 21 52 53 13 22 55 30 16 20 22 50 44 53 36 95 52 33 51 56 16 45 91 34 22 32 59 50 13 65 66 23 67 42 56 52 59 53 60 47 69 27 38 49 20 78 21 65 25 76 30 49 30 64 51 36 59 17 92 29 43 6 
41 18 90 40 97 65 18 76 26 63 82 79 63 82 79 62 75 9 46 78 118 101 96 41 12 75 62 98 75 68 76 80 28 21 29 55 58 43 52 86 86 40 84 71 51 82 102 81 75 75 72 39 113 8 38 62 81 33 84 43 11 57 104 70 33 39 89 28 44 98 34 78 41 44 30 37 54 46 82 61 51 54 74 15 98 89 86 29 59 47 79 95 57 121 33 76 4 81 50 94 
21 17 69 17 80 44 17 61 11 50 62 56 52 70 61 45 56 16 23 61 94 78 75 17 33 52 39 74 52 44 54 66 22 12 18 32 35 26 31 63 68 20 60 48 35 60 79 58 53 57 54 18 90 30 17 40 63 10 61 20 28 34 81 48 15 15 66 13 33 75 24 58 22 23 7 16 41 25 67 38 28 36 51 16 75 73 64 25 36 27 57 79 39 98 14 52 27 59 27 70 
74 63 92 53 117 32 83 107 57 19 95 43 22 12 15 22 94 78 62 104 75 69 97 58 93 54 50 55 39 55 79 6 87 78 53 50 52 40 38 46 107 47 53 70 88 36 67 78 76 16 93 49 58 90 70 41 15 66 77 56 91 46 87 36 75 63 77 55 93 53 87 24 44 44 66 70 95 73 4 58 65 85 47 82 86 9 85 91 62 41 35 120 28 73 74 50 85 36 45 65 
32 17 81 33 88 59 10 67 21 61 73 72 62 80 75 58 66 0 37 69 110 93 87 33 17 67 54 90 68 60 67 77 20 12 26 47 50 39 46 79 77 35 76 62 42 75 94 72 66 70 63 33 106 15 29 55 77 24 75 35 13 50 95 63 24 30 80 23 36 91 26 72 35 38 21 28 46 37 79 53 43 45 67 7 89 86 77 22 50 41 72 86 53 113 24 68 12 74 43 85 
43 30 75 21 95 22 48 81 22 20 74 40 23 39 32 15 71 43 33 79 81 68 81 26 59 43 32 59 35 39 60 35 52 43 19 27 31 5 12 47 84 13 48 51 58 39 68 62 58 28 69 15 71 56 38 25 34 32 63 26 56 25 79 29 42 31 65 20 61 59 53 32 10 11 32 38 65 43 36 38 38 56 39 47 75 42 69 56 39 11 36 96 11 82 41 41 51 39 18 61 
54 92 13 68 15 73 77 28 83 101 13 62 106 115 90 88 20 86 55 22 64 51 11 63 98 51 55 62 66 49 26 108 69 74 88 59 55 83 74 63 14 75 54 35 45 71 54 26 29 89 23 74 77 98 58 65 91 65 28 62 93 61 32 68 62 62 30 82 55 66 62 81 79 75 68 59 44 50 108 48 49 41 57 80 26 105 19 71 47 74 71 22 83 71 62 54 97 70 67 48 
50 44 72 28 95 12 60 84 36 17 74 30 23 32 18 4 72 57 38 81 70 58 78 33 73 36 29 48 24 35 59 26 63 55 33 27 30 18 14 36 85 23 39 49 64 27 57 59 55 14 71 25 58 70 46 19 20 41 59 32 70 23 72 19 51 38 60 34 69 46 63 18 21 20 42 46 71 49 27 36 41 61 30 60 70 30 66 67 39 17 24 98 4 70 50 34 65 26 21 52 
69 56 89 46 113 28 76 103 50 12 92 42 16 13 16 16 91 71 57 100 77 69 94 52 86 51 47 56 37 52 76 7 80 71 45 46 48 33 32 46 103 40 52 67 82 36 68 75 73 14 89 42 61 82 64 37 16 59 75 51 83 42 86 34 69 57 75 48 87 54 81 23 37 37 59 64 90 68 8 54 60 79 45 75 85 16 83 84 57 35 34 116 22 76 68 48 77 36 40 64 
17 51 34 26 50 38 42 37 41 62 30 38 67 79 58 50 26 48 13 35 66 49 40 21 63 27 21 51 37 20 19 73 37 37 47 20 18 42 35 43 39 34 36 14 21 45 51 24 18 55 24 32 68 62 19 30 60 25 27 20 58 24 47 37 25 20 32 40 32 53 32 51 37 34 28 20 28 12 73 13 7 16 31 44 41 74 30 40 9 34 44 51 45 71 25 30 60 44 27 41 
62 87 35 59 62 45 86 66 76 73 46 27 79 81 54 60 50 90 52 60 21 4 36 58 106 24 37 16 33 31 33 74 82 81 79 44 40 66 55 23 57 62 18 31 64 33 7 27 31 55 52 62 30 105 62 41 54 65 23 55 101 43 19 38 69 60 18 74 76 20 77 46 65 60 68 63 69 57 73 37 48 58 27 88 21 67 30 85 40 58 35 68 58 27 69 25 102 33 52 5 
6 44 46 28 54 50 28 34 36 68 37 54 71 86 70 58 31 35 17 35 84 66 52 22 48 44 35 68 52 36 34 81 21 23 43 31 31 44 42 60 42 36 53 31 9 60 68 39 34 66 28 33 85 48 11 42 72 18 43 23 43 35 63 50 12 18 49 36 15 70 15 64 39 37 20 11 16 7 82 29 17 10 47 30 56 84 43 23 25 39 58 52 52 89 12 47 47 59 34 59 
48 73 32 45 60 34 72 58 62 63 40 18 68 73 46 49 43 75 38 53 35 18 36 43 92 10 22 20 23 16 24 66 69 66 65 30 26 53 41 18 52 48 9 19 52 26 19 20 21 46 43 48 37 90 48 28 47 51 17 40 87 29 26 27 55 45 16 60 63 23 64 38 51 47 54 49 58 43 65 23 34 46 15 74 25 61 26 72 25 44 27 64 46 39 55 12 87 26 38 10 
52 29 86 30 106 32 52 90 25 16 85 50 16 35 37 20 81 45 43 89 91 78 92 36 59 54 43 69 44 50 71 32 58 48 19 38 42 14 23 57 95 22 59 62 66 48 78 73 69 33 79 24 79 55 47 36 38 40 74 36 57 36 90 39 49 40 76 24 68 68 60 39 19 21 39 46 74 52 35 49 48 65 49 50 86 43 81 61 50 22 45 107 19 91 48 52 50 48 29 72 
16 49 50 38 52 61 27 30 43 78 39 64 81 97 81 69 32 37 28 33 93 75 56 33 47 55 46 78 63 47 40 91 18 25 50 42 42 54 52 70 41 45 63 40 8 71 77 46 41 77 29 43 95 47 20 53 83 26 50 34 41 46 69 61 18 28 56 44 4 80 11 75 49 47 28 21 9 18 92 39 28 13 58 30 62 95 49 19 36 49 69 49 62 98 18 57 47 70 45 68 
57 85 25 57 53 48 82 57 74 76 37 31 82 86 59 63 42 86 49 51 29 13 27 55 102 24 36 25 36 29 25 79 77 76 78 42 39 66 55 29 48 62 22 25 57 38 16 19 23 59 43 61 39 101 58 42 60 62 15 52 97 43 13 41 65 56 9 73 69 28 72 51 64 60 65 59 62 52 78 34 44 51 29 84 13 73 21 80 36 58 39 59 60 36 64 26 98 38 51 11 
54 70 50 43 77 22 75 73 59 49 57 4 55 57 30 36 58 76 42 69 37 25 54 44 93 14 23 15 10 21 40 50 74 69 60 29 27 46 34 3 69 44 8 33 62 9 24 37 37 30 58 45 29 91 53 21 30 53 35 41 89 26 42 15 60 48 33 57 72 15 71 21 45 41 56 53 69 50 49 28 40 57 10 76 42 44 44 78 32 38 10 81 35 38 59 11 87 9 34 20 
45 71 30 43 57 33 69 56 60 62 38 19 68 73 47 49 40 73 35 50 38 21 35 41 89 9 21 23 23 14 22 67 66 64 63 28 24 51 40 20 50 47 11 16 49 28 22 18 18 47 40 46 40 88 45 27 48 48 16 38 84 27 27 27 52 43 15 58 60 26 61 39 49 45 51 46 55 40 66 20 31 43 15 71 24 62 24 69 23 42 28 62 46 43 52 12 85 27 36 13 
59 50 79 37 103 18 68 92 43 13 81 34 19 24 13 6 80 64 47 89 71 61 84 42 80 42 36 49 28 42 66 18 71 63 39 35 38 25 22 38 93 31 43 56 72 28 60 65 62 9 79 33 57 76 54 26 14 50 65 40 77 31 77 24 59 47 65 41 77 48 71 16 29 28 50 54 80 57 18 44 49 69 35 67 75 22 73 75 47 25 26 105 12 70 58 39 71 28 30 56 
38 33 67 16 88 16 47 74 24 25 67 34 29 43 31 15 64 44 27 72 74 60 73 21 61 35 24 52 28 31 53 38 50 42 23 19 23 8 4 40 77 10 41 43 52 33 60 54 50 26 62 12 65 58 34 17 33 29 55 20 57 17 71 22 38 26 57 21 57 52 50 28 9 7 29 33 60 37 39 30 31 50 31 47 67 43 61 54 31 4 30 89 9 76 37 34 53 33 11 53 
27 60 25 34 45 40 52 36 50 67 24 35 72 82 59 54 22 58 22 32 58 41 31 30 73 23 22 45 36 18 10 76 47 47 55 24 21 48 40 39 35 41 31 5 27 43 43 14 9 57 21 40 62 72 29 32 61 34 17 28 68 27 37 37 35 29 23 49 39 47 41 51 44 41 37 30 33 22 76 14 16 22 28 54 31 75 20 49 12 40 42 47 49 64 34 27 70 42 33 34 
73 98 41 70 67 55 98 74 87 82 54 36 88 88 61 69 59 101 64 68 12 9 41 69 118 35 48 21 42 42 43 81 94 92 90 55 52 77 65 31 64 73 28 42 74 41 9 37 41 62 60 73 27 116 74 52 61 77 32 66 113 54 21 48 81 71 27 85 86 23 88 53 75 71 80 74 79 68 80 48 59 69 38 99 26 73 38 97 51 68 43 74 68 19 80 35 113 41 63 16 
67 48 94 45 117 34 71 104 44 5 95 50 4 16 27 18 93 64 57 102 88 78 100 50 78 58 51 66 45 57 80 14 76 66 38 48 51 29 33 55 106 37 60 71 82 45 77 80 77 24 91 39 73 74 62 41 28 56 81 50 76 45 94 40 66 55 82 42 85 64 77 33 34 35 56 62 89 67 17 58 61 80 52 69 91 27 88 80 60 34 43 119 23 87 65 55 69 45 40 73 
24 62 25 39 37 51 49 25 53 76 17 47 80 92 70 64 13 56 26 21 68 51 31 34 70 36 33 56 48 30 14 86 42 44 59 33 31 55 48 51 26 47 43 17 18 55 53 20 16 68 11 45 74 69 28 42 72 35 25 33 64 37 43 48 33 32 31 52 30 59 35 63 51 48 38 29 22 20 86 25 21 13 41 51 36 86 23 44 21 47 54 38 58 74 32 39 68 54 41 44 
47 84 2 59 26 61 72 32 74 89 11 50 95 103 78 76 18 79 46 25 55 40 7 54 93 39 44 51 54 38 15 96 65 68 79 48 44 73 63 51 21 65 42 24 41 59 43 14 17 77 21 64 66 93 51 53 79 57 16 52 88 50 24 56 56 53 19 73 52 54 58 69 69 65 60 52 43 43 96 37 40 36 45 75 17 93 7 67 36 64 59 32 72 62 56 42 91 58 57 37 
49 27 85 28 104 32 50 88 23 18 83 50 18 37 38 21 80 43 41 87 90 78 91 34 57 53 42 68 44 49 70 34 56 46 17 37 41 12 22 56 93 20 58 61 64 48 77 72 67 33 78 22 79 53 45 35 39 38 73 34 55 35 89 39 47 38 75 22 66 68 58 39 17 20 37 44 71 50 36 47 47 63 49 48 85 45 79 59 48 21 45 105 19 91 46 51 49 47 28 71 
36 74 14 50 28 57 61 24 64 84 6 50 89 99 75 71 8 68 37 18 63 46 19 45 82 38 39 54 52 34 11 93 53 57 70 41 38 65 57 52 18 57 43 19 29 58 49 15 14 74 10 56 71 81 40 49 77 47 19 44 76 44 34 53 45 43 24 64 41 58 47 67 61 57 50 41 31 32 93 31 31 24 44 63 27 91 13 55 29 57 57 31 66 69 45 41 80 57 50 41 
5 34 53 18 64 43 23 45 25 58 46 50 61 77 62 49 40 28 12 46 84 67 59 13 43 43 31 66 48 35 39 72 20 17 32 26 27 34 33 57 52 26 52 34 20 56 69 44 38 59 37 23 83 42 1 36 64 7 47 15 38 29 67 45 6 8 52 26 22 68 17 57 29 28 9 1 27 9 73 27 16 20 44 24 61 76 49 23 24 30 53 63 43 89 5 44 40 55 26 59 
86 104 62 78 89 56 109 94 94 78 74 39 84 79 54 67 78 111 75 88 12 24 63 78 128 44 56 21 44 52 61 73 106 103 94 63 61 80 69 32 85 79 35 58 90 39 21 55 58 57 80 79 9 125 85 56 54 87 51 75 123 61 43 49 93 81 46 91 102 20 102 49 80 76 90 86 96 81 71 60 72 85 44 110 48 62 58 110 63 73 42 96 68 6 92 43 122 39 69 30 
33 16 81 33 89 59 12 68 20 60 73 72 60 79 74 57 67 1 38 70 110 93 87 33 17 67 54 90 67 60 68 76 21 13 25 47 50 38 45 79 78 34 76 62 43 75 94 72 67 70 64 33 105 15 30 55 76 25 76 35 14 50 95 63 24 30 80 23 37 91 27 72 35 37 22 29 47 37 78 53 43 46 67 9 89 85 78 23 51 41 72 87 52 113 25 68 12 74 42 85 
53 83 21 55 49 48 78 52 72 77 32 32 82 87 61 63 36 83 46 46 34 18 23 52 99 24 34 29 37 27 20 80 73 73 76 40 36 65 54 31 43 60 23 21 52 40 21 14 19 60 38 59 44 97 54 41 62 59 10 50 93 41 13 41 61 53 4 70 64 32 67 52 62 58 62 55 57 48 80 31 40 47 29 80 10 75 16 76 33 56 41 55 60 41 60 26 95 40 49 14 
82 104 54 77 81 57 106 87 93 82 66 39 88 85 59 70 71 109 72 81 2 17 54 76 126 42 55 21 45 50 54 79 103 101 95 62 59 81 69 33 77 79 33 53 85 41 15 49 52 61 73 79 17 124 82 56 59 85 44 74 121 60 34 51 90 79 39 91 97 22 98 53 80 76 88 83 91 78 77 57 68 80 43 108 39 69 50 106 60 73 44 87 70 6 89 41 120 42 68 25 
24 18 73 25 82 52 10 61 16 57 65 64 58 76 68 52 59 9 29 63 101 85 79 24 25 59 46 82 60 51 59 72 17 7 23 39 42 33 39 71 70 28 67 53 36 67 86 63 58 64 56 26 97 23 21 48 70 16 67 27 21 42 86 55 16 21 72 18 31 83 22 65 29 31 13 20 40 29 74 44 34 38 58 9 80 80 69 20 42 34 64 80 46 105 16 59 21 66 35 77 
34 66 21 39 45 41 59 40 55 68 24 32 74 82 58 55 24 64 28 35 51 34 27 35 80 20 23 39 34 17 7 76 54 54 60 27 23 52 42 35 36 45 26 3 34 41 36 8 4 57 25 44 56 79 35 32 60 40 11 33 75 29 30 36 42 35 16 54 46 42 48 50 48 45 44 36 39 29 76 16 22 28 26 61 24 74 15 57 16 43 40 48 51 57 41 24 76 40 36 27 
25 43 48 14 68 21 44 56 31 44 47 27 49 60 41 32 44 46 12 53 64 48 53 13 63 21 8 44 24 14 33 54 43 39 35 2 4 25 17 34 57 19 30 24 36 32 49 34 30 38 42 18 60 61 23 13 43 22 36 11 58 6 54 21 29 17 39 30 44 45 41 34 22 18 25 23 44 22 55 10 13 33 21 45 49 56 42 47 11 17 29 70 26 67 28 22 57 31 9 40 
47 74 27 46 55 37 72 54 63 66 35 23 72 77 51 53 38 75 38 49 36 19 31 44 92 13 24 24 27 17 20 71 67 66 66 31 27 55 44 23 47 50 14 17 49 31 21 16 17 51 39 50 41 90 47 31 52 51 13 41 87 31 23 31 54 45 11 61 61 27 62 42 53 49 54 48 55 42 70 23 33 43 19 73 20 66 21 70 25 46 31 60 50 42 54 16 87 30 40 12 
36 52 46 25 69 16 56 61 41 44 48 15 49 57 34 30 47 57 23 57 53 38 51 25 75 11 4 33 13 8 32 51 55 50 43 10 8 31 20 22 60 27 19 23 45 21 38 32 29 32 46 27 49 72 34 8 36 34 32 22 70 8 47 12 41 29 34 39 54 34 52 26 29 25 37 34 52 32 51 12 22 41 9 57 44 50 39 59 16 23 19 72 26 56 40 11 69 20 17 30 
41 23 78 20 96 29 43 80 16 24 75 47 26 44 39 22 72 37 33 79 87 73 84 25 52 48 36 65 41 43 63 40 48 38 12 30 34 5 17 53 85 12 54 54 56 46 73 65 60 35 69 14 78 49 36 30 41 29 66 26 49 29 83 35 38 29 69 14 58 65 50 39 9 12 28 35 63 42 42 40 38 55 44 41 79 49 72 52 41 14 43 96 18 89 37 47 44 45 21 66 
30 22 79 35 85 61 6 63 25 65 70 73 66 84 78 62 64 5 38 66 110 93 85 34 16 68 55 91 69 60 66 81 16 10 30 49 51 42 48 80 74 37 77 61 39 77 95 71 65 74 61 36 107 15 28 57 80 25 74 36 11 51 94 65 22 30 79 27 32 92 22 75 39 41 22 27 42 35 83 53 42 43 68 3 88 89 76 17 50 44 74 82 56 114 22 69 14 76 45 86 
64 92 31 64 58 52 89 64 81 81 43 34 86 89 61 67 49 94 56 58 22 9 32 62 110 30 42 23 40 35 33 82 85 84 84 49 45 72 61 31 54 68 25 33 65 41 12 27 31 62 50 68 35 108 65 47 62 69 22 59 105 49 12 45 72 64 17 79 77 27 79 53 70 66 72 66 69 59 81 41 51 59 34 91 16 75 27 88 43 64 42 64 65 29 72 31 106 41 57 12 
9 48 40 29 49 48 33 32 40 68 32 50 72 86 68 58 26 41 17 31 79 61 46 23 54 40 32 63 49 32 28 81 27 29 46 29 28 45 41 56 38 37 49 26 9 57 63 33 28 65 23 35 81 54 14 40 70 21 38 23 49 33 57 48 17 19 43 39 19 66 21 61 40 38 24 15 17 6 81 25 14 6 43 36 50 83 38 29 21 39 55 49 52 84 17 43 52 56 34 54 
20 52 51 42 50 65 30 28 47 82 39 68 85 101 85 73 32 40 33 32 95 78 56 37 48 58 50 81 67 50 42 96 20 28 54 46 46 58 57 74 40 50 67 43 10 75 80 48 44 81 29 48 98 49 25 57 87 31 52 38 43 50 71 65 22 32 58 48 4 83 14 79 53 52 32 25 7 22 97 43 32 16 61 33 64 100 50 20 39 54 73 47 67 101 23 61 49 74 49 71 
28 14 76 26 86 52 13 65 15 55 69 65 56 75 68 52 63 7 32 67 103 87 82 26 24 61 48 83 61 53 62 71 21 11 21 41 44 32 39 72 74 28 69 56 40 68 88 67 61 64 60 26 99 21 25 49 70 19 70 29 20 43 90 57 20 24 75 17 35 84 26 66 29 31 16 24 45 32 73 47 37 42 60 10 84 79 73 23 45 35 66 84 46 107 20 62 18 67 36 79 
12 41 44 17 60 34 35 45 31 55 40 38 59 72 54 44 35 39 3 43 72 54 50 11 56 30 19 54 36 22 29 66 32 30 36 15 15 32 27 45 48 24 39 22 23 44 56 33 28 51 33 22 71 54 11 26 56 15 36 10 50 19 56 34 19 10 41 30 31 55 28 48 28 25 18 12 31 9 67 14 3 20 32 37 50 69 39 36 11 25 42 60 37 76 18 32 51 43 19 47 
45 33 75 22 96 20 51 82 25 17 75 39 21 36 29 12 72 47 35 80 79 66 81 28 62 42 32 57 33 39 61 32 55 46 22 27 31 8 12 45 85 15 47 51 59 37 66 62 58 25 70 17 69 59 40 24 31 35 63 28 59 25 78 27 44 33 65 23 63 56 56 29 12 13 34 40 67 45 33 38 39 57 37 50 75 39 69 59 39 12 34 97 8 80 43 40 54 36 19 60 
18 23 67 23 76 50 11 55 19 58 59 61 60 77 67 52 53 14 24 57 97 80 73 21 30 55 42 78 57 47 53 73 14 5 26 36 38 34 37 67 64 27 63 48 30 64 81 58 52 63 50 25 94 28 15 45 69 11 61 23 25 38 81 53 10 17 66 20 26 79 17 64 29 30 9 14 35 23 75 40 29 32 55 11 75 80 63 18 37 33 62 74 46 101 10 56 26 64 33 72 
66 94 33 66 60 53 92 66 83 81 46 35 87 89 62 68 51 96 58 60 20 9 33 64 112 31 44 23 41 37 35 82 87 86 86 51 47 74 62 31 56 70 26 35 67 41 11 29 33 63 52 69 34 110 67 49 62 71 25 61 107 50 13 46 74 66 19 81 79 26 81 54 72 68 74 68 72 62 81 43 53 61 35 93 18 75 30 90 45 65 43 66 66 27 74 32 108 41 59 13 
72 98 39 70 65 55 97 73 87 83 52 37 89 89 62 70 57 101 63 66 14 9 39 69 117 35 48 22 43 42 41 83 93 91 90 55 51 77 66 32 62 74 29 41 73 42 10 35 39 64 59 73 29 116 73 52 63 76 31 66 112 54 18 48 80 71 25 85 85 25 87 54 76 72 79 74 78 67 81 48 59 67 38 99 24 74 36 96 50 69 44 72 69 21 79 36 113 42 63 16 
70 61 87 49 112 27 80 103 54 18 91 38 23 17 10 18 90 76 58 99 71 64 92 54 91 49 46 51 34 50 74 10 83 75 50 46 48 37 34 41 102 43 48 65 83 31 62 73 71 11 89 45 55 88 66 36 10 62 72 52 88 42 82 31 71 59 72 52 89 48 83 19 41 40 62 66 91 69 9 54 60 80 42 79 81 10 80 87 57 37 30 115 24 69 70 45 83 31 41 60 
21 23 70 26 77 53 7 57 21 60 61 64 62 80 71 55 55 11 28 58 100 83 75 24 26 58 46 81 60 50 56 76 12 2 27 39 41 36 41 71 66 30 67 51 31 68 85 61 55 66 52 28 98 25 18 48 73 15 64 27 21 42 84 56 12 21 69 22 26 83 17 67 32 33 13 17 36 26 78 43 32 34 58 8 78 83 66 16 40 36 65 75 49 104 13 59 23 67 36 76 
40 79 20 58 18 68 62 14 71 94 7 61 99 110 87 81 6 71 44 7 73 57 23 52 83 49 50 66 63 45 22 103 54 59 77 51 48 73 66 64 7 65 55 31 29 70 60 26 26 85 8 64 82 83 45 59 88 52 30 51 77 54 42 64 48 50 35 70 39 69 47 78 69 66 55 46 28 37 103 42 39 26 55 65 35 102 23 55 39 66 69 20 76 79 48 53 82 69 59 52 
3 40 50 25 58 48 24 38 32 65 41 54 68 84 68 56 35 31 16 39 85 68 55 20 45 45 35 68 51 37 37 78 18 20 39 30 30 41 39 60 47 32 54 33 13 60 70 42 37 64 32 30 86 45 7 41 70 14 46 21 40 34 65 49 8 15 51 32 16 70 13 62 36 34 16 8 20 7 79 29 17 14 47 27 59 82 47 21 25 36 57 57 49 90 8 47 43 59 32 60 
44 83 18 61 15 70 66 17 74 96 7 62 101 112 88 84 9 75 48 10 71 56 20 56 87 50 52 66 65 47 23 105 58 63 80 54 50 76 69 64 5 68 56 32 33 71 59 27 27 86 12 67 82 87 49 62 90 56 30 55 81 57 40 66 52 53 34 74 43 69 51 80 72 69 59 50 32 41 105 44 42 30 56 69 34 104 22 59 41 69 70 18 78 78 52 54 86 70 62 52 
16 22 64 16 75 42 18 56 15 52 57 54 54 71 60 45 51 19 18 57 91 74 70 14 36 48 35 71 50 40 49 67 20 12 22 29 31 27 30 60 64 20 57 43 30 57 75 53 48 56 49 18 87 34 12 38 62 5 57 16 31 31 76 46 11 11 61 16 30 72 21 56 23 23 2 11 37 20 68 34 24 31 48 18 70 73 59 24 31 26 55 74 39 94 10 49 31 56 25 66 
62 95 18 68 42 62 88 52 85 91 31 47 97 102 75 78 38 94 57 45 37 26 16 65 109 38 48 40 52 41 27 95 82 83 89 54 50 79 68 45 40 73 37 32 59 54 29 22 27 75 40 72 52 108 64 56 76 70 19 62 103 55 5 56 71 65 15 83 71 43 75 66 76 72 73 65 62 57 94 44 52 53 44 90 5 89 18 84 45 70 55 49 74 45 70 41 106 54 63 26 
28 16 71 13 86 36 28 68 4 39 66 50 41 58 51 34 62 24 24 68 90 74 77 16 41 48 35 69 45 41 56 54 33 24 9 28 31 15 22 57 74 11 55 48 43 52 75 59 54 46 59 10 83 38 23 33 53 16 62 18 37 29 80 40 24 18 66 3 43 69 35 48 11 14 14 22 50 30 56 36 30 43 46 27 75 62 66 37 35 17 49 85 29 92 23 48 33 51 21 67 
29 57 32 29 54 30 54 47 46 58 33 25 63 72 49 45 32 58 20 43 53 36 38 27 74 14 12 37 26 8 17 66 50 48 50 16 12 41 32 30 45 35 23 8 35 33 38 18 14 47 32 34 54 72 30 22 50 33 20 24 69 18 38 27 37 28 24 45 45 39 45 41 38 34 36 30 41 25 66 6 16 29 18 55 33 65 26 53 7 33 32 57 40 58 36 17 70 32 25 28 
25 63 35 45 35 62 44 15 55 84 22 61 88 102 82 73 15 53 33 16 82 65 39 40 64 49 45 70 61 43 28 96 35 41 62 43 42 62 57 65 24 53 57 31 11 68 67 34 30 79 12 51 88 64 30 54 84 37 38 40 59 47 55 60 31 36 44 55 21 73 28 75 57 54 39 30 10 23 97 37 29 10 54 47 48 98 34 36 33 55 67 33 67 88 31 52 64 67 49 58 
21 49 37 22 56 31 45 45 38 55 35 31 60 72 51 43 33 49 11 42 62 45 43 18 65 22 13 45 30 14 22 65 41 39 43 13 10 36 28 37 46 29 30 14 28 38 47 25 20 48 31 27 62 63 21 22 52 24 28 16 60 16 47 29 28 19 32 37 38 47 37 43 32 28 27 21 35 16 66 6 6 23 24 46 41 66 32 44 2 28 36 58 38 67 27 24 61 37 21 38 
16 48 37 23 53 36 41 40 38 59 33 37 64 76 56 48 29 46 10 38 67 50 43 18 61 27 19 51 36 19 22 70 36 35 43 17 16 38 32 43 42 30 36 16 22 44 52 26 21 53 27 29 68 60 17 28 58 22 30 17 56 21 49 35 23 17 34 37 32 53 31 49 34 31 25 17 29 11 71 12 4 17 30 42 43 72 32 39 8 31 42 54 42 72 23 30 58 43 24 42 
60 96 12 69 33 67 86 45 85 96 25 53 102 107 81 82 32 92 57 38 47 35 8 65 107 43 51 48 57 44 25 101 79 81 90 56 52 82 71 52 32 75 44 33 55 61 38 22 27 81 35 74 61 106 63 60 82 69 20 63 101 58 14 61 69 65 19 84 67 52 72 72 78 74 73 64 57 56 100 46 51 50 49 88 11 96 15 81 46 73 61 40 78 54 69 46 104 60 65 34 
72 57 95 50 118 34 79 107 52 12 97 48 14 9 21 20 95 73 61 105 82 74 100 55 87 57 52 61 43 57 81 4 83 74 47 50 53 36 36 51 108 43 57 72 86 41 73 81 78 20 94 46 66 84 68 42 21 63 80 55 85 47 91 39 72 60 80 50 91 59 84 29 41 41 63 68 94 72 7 59 64 84 51 77 90 17 88 87 62 39 40 121 26 80 71 54 79 41 44 70 
52 91 27 70 7 81 72 16 83 107 17 73 111 122 99 94 19 81 57 12 80 66 27 65 91 61 62 76 75 58 34 116 63 69 89 64 61 86 79 75 6 78 66 43 39 82 69 37 38 97 21 76 92 92 57 72 101 64 40 64 86 67 48 77 59 62 44 82 47 79 56 91 81 79 67 58 36 49 116 54 52 37 67 75 42 115 32 63 52 78 81 7 89 87 59 65 92 81 72 62 
83 108 48 80 73 64 108 82 97 90 61 45 96 95 68 78 67 111 74 75 9 18 47 79 128 45 58 28 51 52 51 88 103 102 99 65 62 86 75 39 71 83 38 52 84 49 18 46 50 70 69 83 29 126 83 61 68 87 41 76 123 64 26 57 91 81 35 95 96 30 98 61 85 81 90 84 88 78 87 58 69 78 48 109 33 79 46 106 61 78 51 80 77 16 90 45 123 49 72 26 
61 67 65 45 92 18 78 86 57 37 71 16 43 41 14 26 72 77 48 82 47 39 69 47 94 27 30 26 14 32 54 35 79 72 56 34 34 41 31 17 83 43 24 46 71 7 38 52 51 16 71 44 34 91 58 23 15 57 50 45 90 30 58 15 65 52 49 55 80 24 77 7 42 39 59 59 79 58 34 38 48 67 21 78 57 28 59 83 42 36 8 96 28 47 64 24 87 8 35 35 
10 41 53 31 58 55 21 37 35 71 43 61 74 90 75 62 37 30 23 39 92 74 59 26 42 52 42 75 59 44 41 85 13 18 43 37 37 46 46 67 47 38 61 39 12 67 76 47 42 71 34 36 92 42 13 48 77 19 51 27 36 41 70 56 10 21 57 36 10 77 7 69 41 40 20 14 17 14 86 36 24 16 54 24 64 89 51 16 32 42 64 56 56 96 11 54 41 66 39 67 
55 28 91 34 110 37 53 94 26 19 89 56 17 36 41 25 85 45 47 93 96 83 97 39 58 59 48 74 49 55 76 34 59 49 20 43 47 18 28 62 98 26 64 67 69 53 83 78 73 37 83 28 84 54 50 41 42 42 79 40 56 41 95 44 51 43 81 25 70 73 62 44 22 26 41 49 76 56 37 53 52 69 54 51 91 46 85 63 54 27 50 110 24 96 50 57 49 53 34 77 
10 47 39 25 51 42 36 35 38 64 32 44 68 81 62 53 27 42 12 34 73 56 45 20 57 34 26 58 43 26 25 75 30 31 44 23 22 41 36 50 40 33 43 21 15 51 58 30 25 59 25 31 75 56 13 34 64 20 34 19 51 28 54 42 19 17 39 37 25 60 25 56 37 34 23 14 23 5 76 19 9 11 37 38 47 78 35 33 15 35 49 51 47 78 18 37 54 50 29 49 
28 10 75 21 87 46 19 67 8 48 69 60 49 68 61 45 64 13 29 68 99 83 81 22 30 57 44 79 55 49 61 64 26 16 14 36 40 25 33 67 76 21 65 54 42 62 84 65 59 57 61 20 94 27 24 43 63 17 68 25 26 38 87 51 22 22 72 10 39 79 30 59 22 25 14 23 47 32 66 43 35 43 55 17 81 72 71 29 42 28 60 86 39 102 21 57 23 62 30 75 
5 35 51 17 62 41 25 44 27 57 44 48 61 76 61 48 39 30 9 44 82 64 57 12 46 40 29 64 45 32 37 71 22 20 33 23 24 33 32 54 51 25 49 31 20 53 66 41 36 57 36 23 80 45 1 34 63 8 45 13 41 27 64 42 9 7 50 26 24 65 19 55 28 27 11 2 27 7 72 24 13 19 41 27 58 75 47 26 21 29 51 62 42 86 8 42 43 52 25 57 
69 66 80 49 106 24 82 98 58 27 85 31 32 26 4 21 85 79 56 95 61 55 84 53 95 42 41 41 27 45 68 20 84 76 55 43 44 40 34 32 97 45 40 59 81 22 53 66 65 8 84 46 45 91 65 32 2 62 65 51 91 39 73 26 71 58 64 55 88 38 83 11 43 41 63 65 89 67 18 49 58 77 35 81 73 13 74 88 53 38 22 109 26 59 70 38 87 23 40 51 
16 24 65 21 74 48 13 54 19 58 57 59 60 77 66 51 51 16 22 55 95 78 71 19 32 52 40 76 55 45 51 73 14 7 26 34 36 33 36 66 63 26 61 46 28 63 79 56 50 62 48 24 92 31 13 43 68 9 59 21 27 37 79 51 8 15 64 20 25 77 16 62 28 29 7 12 34 21 74 37 27 30 53 13 72 79 61 18 35 32 60 72 45 99 8 54 28 62 31 70 
28 20 68 9 84 31 31 67 9 37 64 46 39 56 47 31 60 28 22 67 86 70 74 13 45 44 31 65 41 37 53 52 35 26 12 24 28 12 18 53 73 7 51 45 43 48 71 56 51 43 57 6 79 42 23 29 49 16 58 15 41 25 77 36 25 16 62 7 44 65 36 44 8 10 15 22 49 29 54 33 27 42 42 30 72 59 63 39 32 13 45 84 25 88 24 44 37 47 16 63 
21 25 61 4 76 31 29 60 14 42 57 43 45 61 49 35 52 29 14 59 82 66 67 6 46 39 26 62 39 32 46 57 31 24 19 19 22 18 19 50 65 10 48 38 35 47 67 49 44 45 50 8 77 43 16 27 51 9 52 8 41 21 71 35 19 9 56 13 38 62 31 45 13 12 10 15 43 22 58 27 20 34 38 29 65 62 56 35 25 15 44 76 28 85 18 40 40 46 14 58 
70 97 37 68 64 54 95 70 85 82 50 36 88 89 62 69 55 99 61 64 16 8 37 67 115 33 46 22 42 40 39 82 91 89 88 53 50 76 64 31 60 72 27 39 71 41 10 33 37 63 57 72 31 114 71 50 62 74 29 64 110 53 17 47 78 69 23 84 83 25 85 54 74 70 77 72 76 65 81 46 57 65 37 97 22 74 34 94 48 67 43 70 67 23 77 34 111 41 61 15 
19 54 46 41 46 62 33 24 48 81 34 64 84 99 82 71 27 43 30 27 90 72 50 36 52 53 46 76 63 46 37 94 24 31 55 43 42 57 55 69 35 49 62 37 5 71 75 42 38 79 24 46 94 53 23 54 84 30 47 36 47 47 65 62 22 31 53 48 9 79 17 76 52 50 32 24 4 19 95 39 28 10 57 36 58 97 45 25 35 52 69 43 65 95 23 56 53 70 47 66 
53 61 59 37 85 11 71 79 51 36 64 11 42 44 18 23 64 70 40 75 49 38 64 40 87 21 22 27 6 25 48 38 71 65 50 26 26 35 25 15 76 36 20 39 64 6 37 46 44 17 64 37 38 84 50 15 19 49 45 37 83 22 54 7 57 44 44 48 72 26 69 9 36 33 51 51 71 50 37 30 40 59 15 71 53 33 53 75 34 29 3 89 23 49 56 18 80 5 27 33 
30 55 35 27 58 27 53 50 44 54 37 23 59 69 45 41 36 56 19 46 54 37 41 25 73 13 9 36 23 5 21 62 50 47 48 13 9 38 28 28 48 32 22 12 36 31 38 22 18 43 35 31 53 71 29 18 47 32 23 22 68 15 41 23 36 26 26 42 46 38 46 38 35 31 35 30 43 25 62 4 15 31 16 54 36 61 29 53 7 29 29 61 36 58 36 15 68 30 22 29 
43 30 75 21 95 22 48 81 22 20 74 40 23 39 32 15 71 43 33 79 81 68 81 26 59 43 32 59 35 39 60 35 52 43 19 27 31 5 12 47 84 13 48 51 58 39 68 62 58 28 69 15 71 56 38 25 34 32 63 26 56 25 79 29 42 31 65 20 61 59 53 32 10 11 32 38 65 43 36 38 38 56 39 47 75 42 69 56 39 11 36 96 11 82 41 41 51 39 18 61 
60 82 41 54 69 37 84 70 71 65 51 19 71 72 45 52 54 86 50 64 23 9 43 54 103 19 32 9 25 27 36 66 81 78 73 39 36 60 48 14 63 57 11 32 65 25 9 31 33 46 55 57 25 101 60 35 46 62 27 51 98 38 28 30 67 57 23 69 76 12 76 37 59 55 65 61 70 56 64 34 46 59 21 85 29 58 35 84 37 51 26 74 51 27 66 19 98 24 46 6 
53 45 75 31 98 15 62 87 37 15 77 32 20 29 17 1 75 58 41 84 71 60 80 36 74 39 32 49 26 38 61 23 65 57 34 30 33 20 16 37 88 25 41 52 66 28 59 61 58 13 74 27 59 71 48 22 19 44 61 35 71 26 75 21 53 41 62 35 71 48 65 18 23 22 44 48 74 51 24 39 44 63 33 61 72 28 69 69 42 19 25 100 6 71 52 36 66 28 24 54 
30 62 25 35 47 38 56 41 51 65 26 31 70 79 56 52 26 61 24 36 53 36 31 31 77 19 19 39 32 14 10 73 51 50 56 23 19 48 39 34 38 41 26 1 32 39 38 12 7 54 26 40 57 75 32 29 57 37 15 29 71 25 34 33 39 32 19 50 44 42 45 47 44 41 40 33 38 25 73 13 18 27 24 58 28 71 19 54 12 39 38 51 47 59 38 22 73 38 32 29 
47 69 37 41 64 28 70 61 58 57 44 13 63 68 41 44 46 73 36 56 37 21 41 40 90 6 19 19 17 13 28 61 67 65 61 26 23 48 37 14 56 44 5 21 52 21 21 24 24 41 46 44 36 88 47 23 42 49 22 38 85 25 32 22 54 43 21 56 63 21 63 32 46 42 52 47 59 42 60 21 33 47 10 72 30 56 31 71 24 40 21 68 41 41 53 7 85 21 34 13 
43 67 35 38 61 28 67 57 55 57 41 15 63 69 43 44 42 70 33 52 40 24 39 37 86 4 16 23 19 10 24 62 64 61 58 23 20 47 35 17 53 42 9 17 48 24 25 21 21 42 42 42 41 84 43 22 44 45 20 34 81 23 32 22 50 40 20 54 59 25 59 34 44 40 48 43 55 38 61 17 29 43 10 68 29 58 28 67 20 38 23 65 40 44 49 7 81 23 31 16 
53 69 48 42 75 23 74 71 58 50 55 4 56 58 31 37 56 75 41 66 37 24 52 43 92 12 21 15 10 19 38 52 72 68 59 28 26 46 34 4 67 44 6 31 60 11 23 35 35 32 56 44 31 90 51 21 32 52 33 40 88 25 40 16 59 47 31 56 70 16 69 23 45 41 55 52 67 49 51 27 39 55 9 75 40 46 41 76 31 38 12 79 36 39 58 9 86 10 33 18 
50 82 15 55 43 50 75 47 71 79 26 36 85 91 65 66 31 81 44 40 40 24 18 51 96 26 35 35 41 28 16 84 70 70 76 41 37 66 55 36 37 60 28 19 48 45 27 10 15 64 33 59 50 95 52 43 66 57 6 49 91 42 14 44 58 52 3 70 60 38 64 56 63 59 60 53 52 45 84 31 39 43 33 78 8 80 10 72 32 57 45 49 62 46 58 30 93 44 50 20 
54 89 6 63 31 63 79 39 79 91 19 50 97 104 78 78 26 86 51 33 49 35 4 59 100 39 46 47 54 40 19 97 72 74 84 51 47 76 66 50 27 69 41 27 48 58 39 16 21 77 28 68 62 99 57 55 79 63 16 57 95 53 17 57 62 58 16 78 60 51 65 69 73 69 66 58 50 49 97 41 45 43 45 81 11 93 9 74 40 67 58 37 74 56 62 42 98 57 60 33 
82 103 54 76 81 56 106 87 92 81 66 38 87 84 58 69 71 108 72 81 3 17 54 76 125 41 54 20 44 49 54 78 102 100 94 61 58 80 68 32 77 78 33 52 85 41 15 49 52 60 73 78 17 123 82 55 58 84 44 73 120 59 34 50 89 79 39 90 97 21 98 52 79 75 87 82 90 77 76 56 68 79 42 107 39 68 50 106 59 72 43 87 69 6 88 40 120 41 67 24 
76 102 43 74 69 58 101 77 91 85 56 40 91 90 64 72 61 105 67 70 10 12 43 73 121 38 51 23 46 45 46 84 97 96 93 59 55 80 69 34 66 77 32 46 78 44 12 40 44 65 63 77 28 120 77 55 64 80 35 70 116 58 22 51 84 75 30 89 90 26 92 56 79 75 83 78 82 72 82 52 63 72 41 103 28 75 40 100 55 72 46 76 71 17 83 39 117 44 66 20 
4 40 50 26 58 49 24 38 33 66 41 55 69 85 69 57 35 31 17 39 86 69 56 21 45 46 36 69 52 38 37 79 18 19 40 31 31 42 40 61 46 33 55 34 13 61 70 42 37 65 32 31 87 44 8 42 71 15 46 22 39 35 66 50 8 16 52 33 15 71 13 63 37 35 17 9 19 8 80 30 18 14 48 26 59 83 47 21 26 37 58 56 50 91 8 48 43 60 33 61 
82 106 49 78 75 60 106 83 95 86 62 42 92 91 64 74 67 109 72 76 5 16 49 77 126 42 55 24 48 50 51 84 102 100 97 63 59 83 72 36 72 81 35 51 83 45 15 46 50 66 69 81 24 124 82 58 64 85 41 74 121 61 28 53 89 79 35 93 95 26 97 57 82 78 88 83 88 77 82 57 68 78 45 108 34 75 46 105 59 75 48 82 73 12 88 43 121 46 70 24 
72 35 43 86 81 67 50 79 35 6 41 13 81 74 85 30 98 59 51 91 94 35 99 12 56 86 82 5 54 54 2 2 54 11 21 76 16 93 62 77 56 85 96 25 42 94 4 54 39 18 53 32 54 12 21 10 79 55 78 31 51 91 14 5 8 46 63 66 6 22 89 8 63 74 94 3 20 19 19 69 28 80 68 46 41 87 38 36 8 22 7 12 40 69 90 62 31 85 8 1 