100 100 5
31 47 36 39 38 59 19 19 21 51 39 48 10 17 37 54 47 61 35 32 55 9 44 18 56 43 55 44 50 15 52 56 57 21 13 31 26 60 58 27 54 25 43 26 36 29 61 35 66 64 39 52 39 31 10 53 21 52 33 59 35 40 22 24 49 28 55 19 32 45 64 57 39 38 24 33 31 21 55 44 18 52 49 64 3 33 50 40 32 41 41 26 14 4 12 30 40 36 50 30 
50 93 55 84 57 89 27 53 29 41 81 60 47 58 80 59 86 105 17 72 84 37 91 62 29 88 43 53 95 60 98 44 94 67 50 70 68 85 63 65 100 34 4 22 81 22 24 71 34 91 38 88 35 61 40 32 29 60 63 93 60 26 67 41 94 20 46 63 56 63 91 58 85 70 56 24 59 65 87 30 65 44 57 92 46 60 88 65 40 48 16 33 34 50 47 72 49 62 48 76 
30 95 31 90 82 110 39 69 50 3 69 28 45 69 68 23 68 93 27 84 105 45 86 70 68 93 4 22 86 59 94 80 109 67 45 83 77 108 26 79 94 27 41 45 87 49 63 55 73 113 69 104 13 80 42 70 50 90 44 111 82 60 72 64 98 32 81 71 78 34 113 21 88 50 73 54 40 60 106 65 64 6 87 114 53 40 68 87 67 77 52 58 48 54 43 61 78 84 12 79 
22 45 26 41 53 70 30 33 36 49 24 38 11 28 23 46 31 48 43 39 67 22 36 26 71 43 52 36 39 9 44 72 64 17 7 40 32 72 49 37 45 26 55 40 38 44 75 18 81 75 56 60 38 44 17 69 36 68 18 67 49 56 25 41 48 37 71 27 46 33 75 50 37 22 38 48 17 9 65 60 14 49 65 74 19 19 34 54 48 58 55 42 29 14 10 15 56 49 45 29 
81 57 86 47 14 21 57 32 47 96 78 99 61 37 77 104 90 91 71 33 16 53 69 40 55 50 100 94 80 58 73 39 34 55 64 31 38 14 108 30 77 71 66 53 45 50 66 82 63 21 34 30 85 21 59 49 47 17 83 30 16 46 46 33 56 64 36 40 19 96 21 107 54 87 27 47 81 63 23 44 56 98 17 23 48 83 94 11 31 24 55 39 48 52 63 73 22 15 98 52 
12 57 13 54 66 84 35 47 44 40 27 24 19 42 26 33 27 51 42 54 81 30 45 41 78 56 43 24 44 23 53 82 79 30 15 54 46 86 36 51 52 25 58 46 52 50 80 13 87 90 66 74 31 58 24 77 44 80 5 82 63 63 39 52 60 39 81 41 60 19 90 37 50 12 52 55 3 21 79 68 28 39 77 89 31 5 29 67 59 69 61 52 38 27 17 19 68 63 34 42 
55 73 61 63 29 61 25 30 15 60 73 71 41 38 72 73 81 95 32 49 56 29 76 42 22 67 64 64 83 49 83 23 68 53 45 47 47 56 77 42 85 40 24 15 60 10 30 69 32 63 10 62 50 35 35 19 15 32 64 66 33 6 50 16 74 28 23 43 29 71 63 74 66 70 32 6 60 55 60 9 52 63 29 64 32 62 85 37 12 19 13 9 22 38 42 65 20 35 65 59 
13 55 15 52 63 81 33 44 42 41 27 27 16 39 25 35 28 51 41 51 78 28 43 38 76 54 44 26 43 21 51 79 76 28 12 51 43 83 38 48 51 24 56 43 49 48 78 14 85 86 63 71 32 54 21 74 42 77 8 79 59 61 36 49 58 38 78 38 57 22 86 39 47 14 48 53 6 18 76 65 25 40 74 86 28 8 30 64 56 66 59 49 35 24 14 18 65 60 36 39 
9 77 9 72 74 98 34 57 45 19 48 13 29 55 47 16 46 72 32 69 94 35 66 55 73 75 22 6 65 41 74 81 95 49 28 69 62 98 20 65 73 18 48 43 70 48 71 33 80 102 67 89 13 69 29 73 45 86 22 97 72 61 56 57 79 32 81 56 69 15 102 19 69 28 62 53 19 40 93 66 46 18 83 102 41 18 47 77 63 73 55 54 40 39 27 40 73 73 14 60 
24 72 29 65 53 81 10 40 21 29 55 38 22 41 54 40 59 80 11 56 76 17 67 43 48 68 33 31 70 36 75 56 81 44 25 55 51 79 44 51 76 8 26 18 62 23 48 45 56 85 43 76 17 51 16 48 21 63 36 82 53 36 47 35 74 8 57 44 49 39 85 41 64 43 45 28 32 40 77 41 41 31 59 85 26 33 61 58 39 50 31 30 19 28 21 46 50 55 32 55 
71 35 76 25 23 19 55 24 47 92 59 88 50 24 59 95 72 70 70 13 16 47 48 25 68 28 95 85 59 42 51 55 19 38 52 12 20 22 99 14 55 65 71 54 24 53 78 66 77 24 44 13 79 14 51 62 47 36 69 19 16 54 28 34 34 63 53 24 20 84 24 98 32 72 19 52 68 47 14 55 40 93 35 23 39 70 76 15 37 36 62 42 45 40 52 56 34 15 91 32 
48 88 53 79 52 84 23 48 24 42 78 60 43 53 76 59 83 102 16 67 79 33 86 57 27 83 45 52 91 56 94 41 89 63 47 65 63 80 63 60 96 32 1 17 76 17 24 69 33 86 33 83 35 56 37 29 24 55 61 88 55 22 63 36 89 17 42 58 51 62 86 59 80 68 51 19 57 61 82 26 60 45 53 87 41 58 85 59 35 43 12 28 29 46 43 68 44 57 49 72 
9 61 8 59 69 88 36 50 46 36 31 20 21 46 30 28 30 55 41 58 85 32 49 45 78 61 39 20 48 28 57 83 83 35 18 58 50 90 31 55 56 24 57 46 56 51 79 16 87 93 67 78 28 61 25 77 46 83 6 86 66 64 43 54 64 39 82 45 63 15 93 33 54 13 55 56 2 25 83 69 32 35 80 93 34 2 31 71 61 71 61 53 39 30 19 23 70 66 30 46 
59 36 58 44 83 83 75 65 79 87 21 66 55 56 22 75 23 4 87 56 82 65 20 52 113 42 90 69 9 42 20 110 69 39 51 58 51 89 76 60 16 70 99 83 44 86 118 34 123 89 94 68 79 70 61 110 79 99 45 75 76 97 45 78 40 82 108 52 76 59 89 80 36 40 67 90 49 37 77 101 40 86 97 87 59 49 25 79 85 92 98 82 72 54 55 30 90 76 80 37 
26 81 31 74 62 90 19 49 29 21 62 36 30 51 61 36 64 87 8 66 85 27 75 53 50 78 25 29 77 45 83 61 91 53 33 65 60 88 40 60 84 13 25 24 71 29 48 50 57 93 49 85 12 60 25 51 29 70 40 92 62 40 57 43 83 12 61 54 57 39 93 36 73 48 54 33 36 48 87 45 50 24 67 94 35 37 66 67 47 57 33 37 28 37 29 53 57 63 26 64 
10 67 5 65 75 95 40 56 50 33 35 14 27 52 34 22 32 58 43 64 91 37 54 51 82 67 36 15 52 34 62 87 89 41 24 64 57 96 25 62 61 26 59 50 62 55 82 20 90 100 72 84 27 67 30 81 50 88 9 92 72 68 50 60 70 41 87 52 69 9 100 27 60 14 61 60 8 31 90 73 38 32 85 99 40 6 32 77 66 76 64 58 44 36 25 28 76 73 26 52 
18 53 23 47 51 72 21 32 29 41 34 36 3 29 32 42 39 58 33 43 68 15 46 29 63 50 45 32 48 16 54 66 68 24 3 42 36 73 45 39 54 17 45 31 44 35 66 26 72 77 50 63 30 43 8 61 29 64 21 71 48 48 30 36 55 27 65 30 45 32 77 45 45 27 37 40 18 18 67 53 21 42 61 76 16 20 42 53 43 53 47 36 22 13 1 24 52 49 39 36 
32 37 33 36 60 71 44 41 49 60 11 44 24 33 9 53 20 34 56 40 69 35 24 30 84 37 63 45 25 14 32 83 62 15 21 41 33 75 55 40 32 40 69 53 34 57 88 14 94 77 67 59 50 49 31 81 49 76 21 67 55 68 25 51 40 51 82 30 53 38 77 58 30 21 44 60 23 8 66 72 14 59 73 76 31 25 24 59 59 67 69 54 42 25 24 3 66 55 55 24 
65 38 70 26 18 25 47 17 40 85 57 83 44 18 56 89 69 70 63 12 21 40 48 20 61 30 88 79 59 38 52 50 26 34 46 9 17 26 93 9 56 58 64 47 25 46 71 62 71 29 38 20 73 7 45 56 40 33 64 26 11 47 25 27 37 56 48 20 14 79 29 92 33 67 12 45 63 43 21 48 36 86 31 29 33 65 73 12 30 31 55 35 38 34 46 53 29 9 85 31 
57 78 63 67 33 64 27 35 18 61 77 73 44 43 76 75 85 99 32 53 59 32 80 47 18 72 64 66 88 53 87 21 72 57 49 51 52 59 79 46 90 42 22 17 64 12 25 72 28 66 12 66 51 39 39 15 18 33 67 70 37 1 54 20 78 28 22 48 33 73 66 76 71 73 36 7 63 59 63 6 56 63 31 67 36 65 88 40 16 21 10 14 25 42 46 69 23 39 66 64 
54 49 59 38 14 40 31 7 22 70 57 72 34 15 55 77 67 75 47 23 35 26 54 19 47 42 74 67 63 33 60 39 44 34 37 21 23 38 81 16 63 44 46 29 35 28 55 57 56 43 24 37 58 10 32 42 22 29 57 43 12 31 27 10 49 39 37 20 8 69 43 79 42 61 6 28 54 40 37 33 34 71 26 44 21 57 71 17 15 21 38 18 22 25 36 50 19 13 71 36 
57 59 62 48 14 46 30 17 18 69 65 74 38 25 64 78 75 85 43 34 40 28 64 30 36 53 72 68 73 41 71 29 52 43 42 31 34 42 82 27 74 44 39 24 46 21 45 64 46 48 13 46 57 19 35 31 18 24 62 50 17 21 38 5 60 36 27 30 13 72 48 80 53 67 17 20 59 48 44 22 42 70 21 49 26 61 79 21 4 12 29 11 22 32 40 58 11 19 71 47 
77 36 82 26 28 14 61 30 53 98 63 94 57 30 63 101 76 72 77 18 12 54 50 31 73 29 102 91 61 48 52 60 13 43 58 17 25 19 105 21 56 72 77 60 26 59 83 71 82 19 49 7 86 21 58 67 53 39 75 12 22 60 33 41 34 70 57 30 26 90 19 105 34 77 26 58 74 52 8 60 45 99 38 18 46 76 80 20 43 41 68 49 52 47 59 61 39 20 98 36 
40 79 46 70 48 78 14 40 16 39 68 53 34 45 67 54 74 92 11 59 73 24 77 48 32 74 42 46 82 47 85 42 82 53 38 57 55 75 58 52 86 24 11 9 67 12 32 60 40 81 32 76 30 49 27 33 16 53 52 82 50 22 54 30 81 9 43 49 45 55 81 54 71 59 44 16 48 52 76 27 51 42 50 82 32 49 76 54 31 40 15 22 20 36 34 59 41 51 45 63 
4 71 6 67 70 93 31 53 42 24 43 16 24 50 42 21 42 67 32 64 89 31 61 50 72 70 27 11 60 35 68 79 89 43 23 64 57 93 24 60 68 16 48 41 64 46 71 29 80 98 64 84 16 64 25 72 42 82 18 92 68 59 50 53 74 31 79 51 64 15 98 24 64 25 58 51 14 35 88 64 40 23 79 97 36 14 43 73 59 70 54 51 37 34 22 35 69 69 19 55 
30 37 32 35 55 68 39 35 43 58 16 44 19 28 15 52 26 40 52 36 65 30 27 25 78 37 61 43 30 8 35 77 60 12 16 37 29 71 55 36 36 36 64 47 33 51 83 17 88 73 61 56 47 44 26 75 43 71 22 64 50 62 21 45 40 46 76 25 48 38 73 57 30 23 39 55 22 2 62 66 9 57 68 72 25 24 29 54 53 61 63 48 36 19 19 8 60 50 53 22 
30 68 36 60 45 73 2 33 13 38 56 46 21 36 55 49 62 80 14 50 68 12 65 38 42 64 41 39 70 35 73 48 75 42 25 49 45 71 53 44 74 15 23 10 57 15 44 48 51 76 34 69 26 43 15 41 13 54 41 75 45 28 43 26 70 7 48 39 40 46 76 50 60 48 37 20 37 39 70 33 39 40 51 77 21 39 64 50 30 41 25 21 11 25 22 47 41 46 41 52 
48 20 51 16 46 51 47 28 47 74 26 63 31 20 25 71 39 40 62 20 49 37 19 16 79 18 77 62 28 17 26 74 41 9 30 22 14 55 74 23 28 49 71 53 13 55 86 35 89 57 58 38 63 33 36 75 47 62 41 46 39 63 8 42 23 56 72 15 39 57 57 75 12 41 30 57 41 18 45 66 12 74 60 55 28 43 43 42 50 55 67 48 40 24 33 24 54 39 71 3 
68 75 74 64 23 53 38 33 27 75 81 85 52 42 80 87 91 101 47 49 48 40 81 46 23 68 78 78 89 57 87 12 63 59 56 46 50 47 91 42 90 54 37 29 61 25 34 79 32 54 5 57 65 33 47 17 27 19 76 60 29 15 54 20 75 42 11 47 26 84 54 89 69 81 33 20 72 64 53 12 59 77 17 55 41 74 94 31 13 9 25 19 33 47 54 74 11 31 79 63 
24 44 25 42 61 75 39 41 45 52 17 37 19 35 15 45 22 41 50 44 72 31 32 32 80 44 55 37 33 14 40 81 68 19 15 45 37 78 48 43 40 33 63 48 40 52 84 10 90 81 65 64 42 51 25 78 45 76 14 72 56 64 29 49 48 45 80 33 54 31 81 50 37 15 45 57 15 9 70 69 17 51 73 80 28 17 25 61 57 66 64 51 38 23 18 7 65 57 47 30 
52 92 57 83 55 87 28 52 28 44 82 63 47 58 81 62 87 106 19 71 82 38 91 61 26 87 46 55 96 61 99 41 93 67 51 69 68 82 66 64 100 36 3 21 80 21 21 73 31 89 36 87 38 60 41 29 28 57 65 92 59 24 67 39 94 21 43 62 54 65 89 61 85 72 55 22 61 66 85 27 65 47 55 90 46 62 89 63 38 45 14 31 33 50 48 73 47 61 51 76 
62 39 61 47 86 86 78 69 82 89 24 68 58 60 25 77 25 3 90 59 85 69 23 56 117 45 92 71 13 46 22 114 72 42 54 62 55 93 78 63 18 73 103 87 48 90 122 37 127 92 97 71 81 74 65 113 82 103 48 78 80 100 48 82 42 85 112 55 80 61 92 82 39 42 71 93 51 40 80 104 43 88 100 90 63 52 26 83 89 96 102 86 75 57 58 33 94 79 82 40 
63 101 68 91 59 90 38 59 36 54 93 74 58 66 92 73 98 117 30 78 85 48 101 69 20 95 56 67 106 71 108 38 98 77 62 76 75 85 76 71 110 47 14 30 88 28 11 84 22 92 37 92 49 65 52 25 36 57 76 96 63 25 76 45 102 33 40 70 59 77 92 72 93 83 61 27 72 76 90 27 75 57 55 93 55 73 101 66 42 47 17 37 42 60 59 84 49 65 62 85 
46 57 52 47 23 52 20 15 10 59 58 64 28 22 56 68 67 79 34 34 48 17 60 26 38 52 62 58 67 34 67 36 56 37 32 32 32 50 72 27 69 34 34 17 44 16 46 55 48 55 19 50 47 23 24 35 10 34 52 56 24 22 33 5 58 27 35 27 19 62 55 70 50 58 18 17 49 40 50 25 36 61 31 56 17 51 70 29 12 22 27 7 11 23 30 50 21 26 61 43 
75 48 80 37 14 18 54 25 44 93 69 93 54 29 68 98 81 81 69 24 13 48 59 32 59 40 96 88 70 49 63 45 27 46 57 21 29 16 102 21 67 67 66 51 35 49 70 74 68 21 36 22 81 14 54 53 44 24 76 24 11 47 37 30 46 62 42 31 15 89 21 101 44 79 20 47 74 55 17 47 48 94 24 21 42 76 85 6 31 27 56 38 45 45 56 64 25 9 94 43 
82 105 88 94 53 82 53 62 46 78 105 96 72 70 104 95 113 127 51 79 78 60 108 74 11 98 80 88 116 82 115 22 94 86 76 76 79 75 99 72 118 66 35 43 91 39 14 99 4 82 33 88 71 64 66 14 46 45 94 90 59 27 82 47 105 51 25 75 56 97 82 95 98 100 62 34 90 87 83 23 84 81 44 84 65 91 116 61 41 40 28 42 53 70 73 97 42 61 85 91 
63 32 62 41 81 79 76 64 79 90 23 70 56 55 25 79 28 5 89 53 79 66 17 51 113 38 93 73 8 43 15 109 65 38 53 56 49 86 81 58 11 72 100 84 41 87 119 38 123 85 93 64 82 68 63 110 79 97 49 71 74 97 43 77 35 83 107 50 74 63 85 84 33 44 66 90 52 38 73 100 40 89 95 83 60 53 30 77 85 91 99 82 72 54 56 32 89 73 84 35 
43 68 49 58 34 64 13 27 4 50 63 59 30 33 62 62 70 86 23 46 59 17 68 36 32 63 54 53 75 40 76 35 68 45 34 44 43 61 66 39 78 28 22 5 55 4 36 57 41 67 21 62 39 35 24 30 4 41 52 68 35 16 43 16 69 17 35 37 31 59 67 63 60 59 30 8 49 45 62 21 43 52 38 68 23 50 73 40 18 28 17 8 11 28 31 54 28 37 54 52 
68 1 70 13 57 49 67 44 66 95 37 81 52 37 37 90 49 36 83 28 49 57 17 33 96 9 98 81 27 37 16 88 34 29 51 30 27 56 93 34 20 70 90 72 15 74 104 50 106 55 73 33 83 44 57 92 66 72 59 40 50 80 26 59 4 76 86 32 51 75 55 94 9 57 44 75 60 37 43 83 32 94 70 52 49 62 52 51 65 69 85 66 60 45 53 40 67 48 91 18 
37 32 41 26 42 55 35 23 36 63 27 54 19 15 26 61 38 47 50 24 52 25 29 12 70 29 66 52 35 6 36 67 49 5 19 25 17 58 65 23 38 37 59 42 23 44 76 30 80 60 50 44 51 31 24 67 36 58 33 52 37 54 9 35 34 44 65 12 35 49 60 65 24 35 26 47 33 11 50 57 4 63 56 59 17 35 42 41 42 50 56 39 30 12 21 21 48 37 60 15 
11 78 12 73 73 98 32 57 44 17 50 15 29 55 49 17 49 74 29 69 94 34 67 56 71 76 20 8 67 42 75 79 95 50 29 69 62 98 21 65 75 17 46 41 71 46 69 36 78 102 66 90 11 68 28 71 44 85 25 97 72 59 56 56 81 30 80 56 68 18 102 19 70 31 62 51 21 41 93 64 47 16 81 102 40 21 49 77 61 72 53 52 39 39 27 42 72 73 13 61 
100 53 105 46 42 11 82 52 73 120 85 117 79 53 84 124 98 90 97 41 16 75 70 54 85 47 124 114 81 71 70 69 20 65 81 40 48 16 128 43 74 94 95 80 47 77 97 93 93 9 63 22 108 41 80 79 73 46 98 14 39 75 56 59 50 90 66 53 44 113 9 127 54 100 47 76 97 75 15 74 68 121 47 7 68 99 102 35 59 54 84 67 73 69 81 83 52 38 120 57 
56 75 62 64 30 62 26 32 16 61 75 72 42 39 73 74 83 96 33 50 57 30 77 44 21 69 64 65 85 51 84 22 69 54 47 48 49 57 78 43 87 41 24 16 61 11 28 70 31 63 10 63 51 36 37 17 16 32 65 67 34 4 51 17 75 28 22 44 30 72 63 75 68 71 33 6 62 57 61 8 53 63 29 65 34 63 86 37 13 19 13 11 23 39 44 66 21 36 66 60 
19 61 25 54 50 74 12 33 22 36 44 36 10 33 43 41 49 68 22 47 70 10 55 34 55 58 39 31 59 25 63 59 73 33 13 47 41 74 45 42 64 9 35 22 51 27 57 35 64 79 44 67 23 45 5 53 22 61 28 75 48 40 37 33 63 17 59 35 44 35 79 43 53 35 38 32 24 28 70 45 30 36 58 78 17 26 51 53 39 49 38 30 16 18 10 35 49 49 35 44 
53 26 57 16 32 38 43 17 39 76 40 70 33 10 39 77 52 54 60 7 36 34 32 7 69 20 80 67 42 23 38 62 33 18 34 8 0 42 81 9 41 50 64 46 13 47 77 46 79 44 46 28 64 19 36 64 39 48 50 35 25 53 8 32 27 52 59 6 25 65 44 81 19 52 17 48 49 27 33 56 20 77 46 43 25 51 56 28 38 43 59 39 35 24 35 36 40 24 75 14 
61 92 67 81 47 79 33 49 28 57 87 74 52 56 86 74 93 110 30 68 74 41 93 60 12 86 60 67 99 64 100 28 87 69 57 66 66 73 78 61 102 45 14 23 78 20 12 80 19 80 26 81 50 54 46 15 28 46 73 85 52 14 67 35 92 30 30 61 48 76 80 74 84 80 51 17 69 69 78 15 67 60 44 82 47 70 96 55 31 35 8 27 35 53 53 78 37 54 64 76 
13 59 19 53 55 77 20 37 29 35 38 31 9 35 37 36 42 63 28 49 73 16 51 35 62 57 39 26 53 22 59 67 74 31 9 48 42 78 40 45 60 11 42 30 51 35 64 28 71 82 51 69 24 48 9 61 29 67 21 77 52 48 36 39 62 24 66 36 49 29 82 40 51 27 42 40 17 24 73 53 27 35 64 82 20 18 44 57 45 55 45 37 23 18 7 29 55 53 33 42 
17 83 18 78 75 100 32 59 44 11 56 19 33 59 55 18 55 80 26 73 96 36 73 59 68 81 14 12 73 46 81 78 99 55 33 72 66 100 22 68 81 18 43 41 75 45 66 42 75 105 65 93 6 71 31 69 44 85 31 101 74 58 61 57 86 28 79 60 70 23 105 19 75 37 64 50 27 47 96 63 52 11 82 105 43 27 56 79 62 72 51 52 40 43 31 48 72 75 9 66 
19 64 25 57 51 76 11 35 22 33 47 36 13 35 45 39 51 71 20 50 72 12 58 37 53 61 37 30 61 28 66 59 76 36 16 49 44 76 43 45 67 6 33 22 54 26 55 37 62 81 44 70 21 47 8 53 22 62 30 77 50 40 40 34 66 15 59 38 46 35 81 42 56 36 40 31 25 31 73 45 33 34 59 81 20 27 53 55 39 50 36 30 17 21 13 37 49 51 33 47 
70 90 76 79 40 71 40 47 31 69 91 84 58 55 89 85 99 112 41 65 66 46 94 59 5 84 72 77 101 67 100 15 81 71 62 62 64 64 89 58 103 54 27 29 77 25 16 85 15 71 19 75 61 50 52 2 31 35 80 78 46 12 67 32 90 39 17 60 43 85 71 85 83 87 48 20 76 73 71 9 69 72 34 73 50 78 102 48 26 27 16 27 39 56 59 82 29 48 75 76 
14 55 19 50 55 76 24 36 32 39 33 32 7 33 31 38 37 57 34 46 72 18 46 33 66 53 43 28 48 18 54 69 72 26 5 46 39 77 42 43 55 17 47 34 47 38 69 23 75 80 53 67 28 47 11 65 32 69 17 74 52 51 33 40 57 29 69 33 49 28 80 42 47 23 41 43 14 19 71 56 23 39 65 80 20 16 39 57 47 57 49 39 25 17 5 23 56 53 36 38 
92 50 97 42 33 3 73 43 64 111 80 110 71 45 79 116 92 87 88 34 6 67 66 46 76 44 115 106 77 64 67 60 19 59 73 33 41 8 120 36 71 85 85 70 42 68 87 87 84 3 54 18 99 32 71 70 64 37 91 13 30 66 49 50 48 81 57 46 34 106 3 119 50 93 38 66 90 69 9 65 61 113 38 2 59 92 97 25 50 44 75 57 64 61 73 77 43 28 112 52 
78 53 84 42 13 19 56 29 46 95 74 96 58 34 73 102 86 87 70 29 14 51 65 36 57 46 98 92 75 54 69 42 31 51 61 26 34 14 105 26 72 69 66 52 41 49 68 78 65 20 35 26 83 18 57 51 46 20 80 27 13 46 42 31 51 63 39 36 17 93 20 104 49 83 24 47 78 60 20 45 52 96 20 22 45 80 90 8 30 25 56 39 47 48 60 69 23 12 96 48 
45 89 50 80 56 87 23 50 26 37 77 56 42 55 75 55 81 101 12 69 82 33 86 58 32 84 39 48 91 56 94 46 92 63 46 67 65 84 58 62 96 29 6 19 77 21 29 67 38 90 38 86 31 59 36 35 26 60 58 91 59 27 64 39 91 15 48 59 54 58 90 54 81 65 54 23 54 60 85 31 60 40 57 91 42 55 83 63 39 48 17 31 30 46 42 67 49 61 44 73 
33 58 38 49 36 63 9 22 10 47 50 50 16 24 48 54 57 72 25 39 58 4 56 27 45 53 50 44 62 26 64 47 64 32 21 38 34 62 58 33 65 21 32 14 46 18 50 44 55 67 31 58 35 33 11 43 10 48 40 64 35 30 32 19 59 18 47 28 31 49 67 56 50 46 27 22 36 32 59 34 30 48 45 67 10 38 60 40 25 36 30 17 3 15 18 41 35 37 48 41 
43 24 45 23 52 59 47 34 49 70 18 57 29 25 17 65 31 34 62 28 57 37 16 22 83 24 74 56 23 14 24 79 49 8 27 30 22 64 68 30 25 47 72 54 21 57 89 27 93 65 63 46 59 40 35 79 49 69 34 54 46 67 14 47 27 55 77 21 46 51 65 70 17 34 36 60 35 12 53 70 10 70 66 63 30 37 35 50 54 61 69 52 42 25 30 16 59 46 66 10 
27 42 30 37 48 65 29 28 33 52 26 43 10 22 25 50 35 49 43 34 61 20 35 21 68 40 56 41 39 5 43 68 59 13 8 34 27 67 54 32 44 28 54 38 34 41 73 23 78 70 52 54 41 38 16 66 33 63 24 62 44 52 20 36 44 37 67 22 41 39 70 54 34 27 33 45 22 9 60 57 10 52 60 69 15 25 38 48 44 53 53 38 26 9 11 17 52 44 49 25 
79 106 85 95 56 86 51 63 45 73 104 92 70 70 103 91 111 127 47 81 81 58 108 75 11 99 75 84 115 81 115 26 97 85 74 78 80 79 95 73 118 63 31 41 92 37 8 97 3 86 34 91 67 65 64 16 45 49 91 94 62 27 82 48 106 48 29 75 59 94 86 90 99 98 64 33 87 86 86 24 84 76 48 88 64 88 114 64 42 42 25 42 52 69 71 95 45 64 80 92 
59 37 64 26 19 31 42 11 35 79 52 76 38 12 51 82 64 67 58 11 27 34 45 14 59 30 82 72 55 32 50 50 31 29 40 8 13 32 86 4 54 52 59 42 23 41 68 56 69 36 36 25 66 6 38 54 35 35 58 32 12 44 20 23 37 50 48 14 13 73 36 86 31 61 7 41 57 37 27 46 30 80 33 35 26 59 68 15 28 30 51 31 32 28 40 47 28 11 79 27 
21 83 25 77 69 96 26 55 37 13 60 28 32 55 59 27 60 84 17 70 92 32 75 57 59 80 17 21 76 46 83 70 96 55 33 69 64 95 31 65 83 14 33 33 74 37 56 47 66 100 57 90 3 66 28 60 37 78 36 97 69 49 59 51 86 20 70 58 64 32 100 27 75 43 60 42 32 48 92 54 51 15 75 100 40 32 61 74 55 65 42 45 35 40 30 51 65 70 17 66 
10 76 12 72 71 95 30 55 41 18 49 17 27 53 48 19 48 74 28 67 91 32 66 54 69 74 21 10 66 40 74 77 93 48 27 67 60 95 23 63 74 15 44 39 69 44 67 35 76 100 63 88 10 66 26 69 41 82 24 95 70 57 55 54 79 28 78 54 66 19 100 22 69 31 60 49 21 40 91 62 45 17 79 100 38 20 49 75 59 70 51 50 37 37 25 41 69 71 14 60 
74 45 79 34 15 18 54 24 44 92 67 92 53 28 66 97 79 79 69 21 13 47 57 30 60 38 96 87 68 48 61 47 26 44 55 19 27 17 101 19 65 66 67 51 33 49 71 72 69 21 37 20 80 13 53 55 44 26 74 23 11 48 35 30 44 62 44 30 15 88 21 100 42 77 19 48 72 53 16 48 46 93 26 22 41 75 83 7 31 28 57 38 44 43 55 63 26 9 93 40 
14 54 15 51 64 82 34 44 43 42 25 27 17 39 24 35 27 50 43 51 78 29 43 38 77 54 45 27 42 21 50 80 76 28 13 51 44 84 38 49 50 25 57 45 49 49 79 13 86 87 64 71 33 55 22 75 43 78 7 79 60 62 36 50 57 39 79 39 57 22 87 40 47 13 49 54 6 18 77 67 25 41 75 86 29 8 29 65 57 67 60 50 36 25 15 17 66 61 37 39 
78 42 83 32 23 11 60 30 51 98 68 96 58 32 67 102 80 77 76 21 8 53 56 33 68 35 102 92 66 51 58 54 18 46 60 20 28 14 106 22 62 72 74 58 31 57 79 74 77 16 45 13 86 19 58 63 51 33 77 15 18 56 36 38 40 68 52 32 23 92 16 106 40 80 25 55 76 55 8 56 48 99 33 16 46 78 84 15 39 36 65 46 51 48 60 64 34 16 98 40 
48 68 54 58 29 60 18 25 7 56 66 64 33 32 64 67 74 88 28 45 55 21 69 36 29 62 59 58 76 42 77 30 65 46 38 42 42 56 71 37 79 34 25 10 55 7 35 61 39 63 15 59 45 32 28 26 7 36 57 65 32 13 43 12 69 22 30 37 27 64 63 69 60 63 28 6 53 48 58 17 45 58 32 64 25 55 77 36 13 22 16 4 14 31 35 57 23 34 59 53 
73 58 79 46 5 29 48 25 37 87 74 91 53 32 73 96 85 89 62 32 24 45 68 36 47 50 91 86 78 52 72 33 40 51 57 29 35 23 100 27 76 62 57 43 45 40 58 76 55 30 25 35 76 17 51 41 37 13 76 36 10 36 42 23 57 55 30 36 12 89 30 98 53 81 21 38 74 58 29 35 51 89 11 32 41 76 89 8 21 15 46 30 40 45 55 68 13 11 90 50 
54 40 53 46 83 85 71 64 76 81 16 60 51 56 18 69 17 10 82 57 84 62 22 52 111 45 84 63 12 40 24 109 72 37 47 59 51 91 70 60 21 65 96 80 46 83 115 29 120 91 92 70 73 70 58 108 76 99 40 78 76 94 44 76 43 78 107 51 76 53 91 74 38 34 66 87 43 34 79 98 38 80 96 89 57 44 19 79 84 91 95 80 69 51 51 26 89 76 74 37 
47 24 50 17 40 47 42 22 41 72 31 63 28 13 30 71 43 46 58 16 45 32 25 9 73 20 75 61 34 16 32 67 40 9 28 17 9 51 74 17 35 46 65 47 14 49 80 37 83 53 52 35 60 27 32 69 41 56 42 43 33 57 1 36 26 51 66 9 33 58 53 75 16 43 24 51 42 19 42 60 11 72 53 52 23 44 47 36 43 49 61 42 35 20 30 27 47 33 69 8 
52 64 58 53 22 53 24 21 12 62 66 69 36 29 64 73 75 87 35 40 48 24 67 33 31 58 65 63 75 42 74 28 59 45 40 37 38 49 77 32 77 39 31 17 51 14 39 63 41 55 11 53 51 26 31 27 12 29 59 58 25 15 41 6 64 29 27 34 20 68 55 74 57 65 23 12 56 48 51 18 44 64 26 56 25 58 78 29 6 16 22 4 17 31 37 58 16 27 65 50 
17 72 11 71 83 102 47 64 58 35 38 11 35 59 37 20 32 59 49 71 98 45 58 58 89 72 37 16 55 41 65 95 96 47 32 72 64 104 21 69 64 33 66 58 69 63 89 23 97 107 80 91 32 75 38 89 58 96 14 99 80 76 56 68 75 48 95 59 77 4 107 25 66 16 69 68 15 37 97 81 45 33 93 106 48 13 31 85 74 84 72 66 52 44 33 33 84 80 27 58 
18 56 16 55 72 88 42 52 51 45 23 25 25 46 22 34 21 46 49 56 85 37 43 44 85 57 47 27 40 26 50 88 81 32 21 57 49 90 36 55 49 32 65 53 53 57 87 8 94 93 72 76 37 62 30 84 51 86 3 84 67 70 41 58 60 46 88 45 65 19 93 39 50 4 56 62 7 22 82 75 30 43 83 92 37 7 22 72 65 75 68 58 44 32 24 17 74 68 38 42 
66 38 71 27 18 23 49 18 41 86 58 84 46 20 57 90 70 71 64 13 19 41 49 21 62 31 90 80 59 39 53 51 25 35 48 10 18 25 94 10 56 60 65 48 25 47 72 63 71 28 38 19 74 8 46 57 41 33 66 25 11 48 26 28 37 57 48 21 14 80 28 94 34 69 13 46 64 44 19 49 37 87 31 28 34 67 74 11 31 31 56 36 39 36 48 54 29 9 86 32 
37 54 34 57 84 94 61 64 69 63 18 39 42 57 18 48 6 32 69 63 92 55 38 54 103 57 65 44 30 37 43 105 84 39 38 65 57 99 49 64 40 52 84 71 56 76 106 15 113 100 89 81 56 73 48 102 69 100 23 89 79 88 49 73 58 66 104 54 77 32 100 53 50 16 68 80 27 31 89 93 38 61 97 99 52 27 3 83 81 90 87 75 62 47 41 21 89 79 55 46 
23 70 17 69 86 102 52 66 63 43 34 18 38 61 34 26 26 53 56 71 99 49 55 59 95 71 44 23 50 41 61 100 95 47 34 72 64 105 27 70 60 39 72 63 67 68 95 20 103 108 84 91 39 77 42 94 63 100 15 99 82 81 56 71 73 54 100 60 79 11 108 31 64 13 71 73 17 37 97 86 44 40 96 107 50 15 25 86 78 88 77 70 56 46 36 30 87 82 34 57 
65 43 64 51 91 90 82 73 86 92 27 70 62 64 29 79 27 6 94 64 90 73 28 60 121 49 95 74 17 50 26 118 76 47 58 66 59 97 80 68 22 76 107 91 52 94 126 40 131 96 102 75 84 78 69 118 86 107 51 82 84 105 53 86 46 89 117 60 84 63 96 84 44 45 75 98 54 45 84 109 48 91 105 94 67 55 28 87 93 100 106 90 79 62 62 37 98 84 85 45 
23 90 20 86 88 112 46 71 58 16 59 11 43 69 58 4 54 81 40 83 108 49 78 69 82 89 16 9 76 54 85 92 109 62 42 83 76 112 8 79 84 31 56 55 84 59 79 43 88 116 79 103 20 83 43 83 58 99 33 111 86 72 70 70 93 43 93 70 82 18 116 5 82 37 76 64 30 53 107 77 59 13 95 116 55 29 54 91 75 86 65 66 54 53 41 52 86 87 7 74 
9 61 15 56 59 81 23 41 33 33 37 27 12 38 36 33 40 62 30 52 77 20 52 38 66 59 36 23 53 24 60 70 78 33 11 52 45 82 36 48 60 12 45 34 53 38 67 26 74 86 55 72 22 52 13 65 33 72 17 80 56 51 39 43 64 26 70 39 53 25 86 36 53 24 46 43 13 25 76 56 29 33 68 85 24 15 42 61 49 60 48 41 27 22 10 28 59 57 30 44 
14 58 13 56 70 87 39 50 49 41 26 23 23 45 25 32 25 50 46 56 84 35 45 44 82 58 44 24 43 26 52 86 81 33 19 57 49 90 34 55 52 28 61 50 54 54 84 11 91 93 70 76 34 61 28 81 49 84 1 84 66 67 41 56 61 43 85 44 63 17 93 37 51 8 55 59 4 23 82 72 30 40 81 92 35 4 26 71 63 73 65 56 42 31 21 19 72 67 35 43 
59 31 64 20 24 31 45 15 39 81 49 77 39 13 48 83 61 62 61 5 27 37 40 13 65 24 85 74 51 31 45 56 28 26 40 2 9 33 87 3 48 54 64 46 18 46 74 54 75 36 42 22 69 11 40 60 39 40 58 29 17 50 17 29 31 54 53 13 18 73 36 87 26 60 12 46 57 36 26 52 28 82 38 35 28 59 65 19 34 36 57 36 36 29 41 45 34 16 80 23 
31 60 37 51 38 65 7 24 10 45 50 49 16 26 49 52 57 73 23 41 60 4 57 29 45 55 48 43 63 27 65 48 66 34 21 40 36 64 56 35 67 19 30 13 48 17 49 44 54 69 32 60 33 35 10 43 10 49 39 67 37 30 34 21 61 16 47 30 33 47 69 55 52 45 29 21 36 33 62 34 31 46 46 69 12 37 60 42 26 37 29 18 4 17 17 41 36 39 46 43 
73 40 78 29 20 17 55 24 46 92 63 90 52 26 62 97 76 74 70 17 13 48 52 27 65 33 96 87 63 45 56 52 21 41 54 15 23 19 100 17 59 66 70 53 28 52 75 69 74 22 41 15 80 13 52 59 46 32 72 19 14 52 32 33 38 63 49 27 18 87 22 100 37 75 19 51 71 50 13 52 43 94 31 21 40 73 80 12 35 33 60 41 45 42 54 59 31 12 93 36 
96 54 101 46 35 7 76 47 67 115 84 113 75 49 83 120 97 91 91 38 10 70 70 50 77 48 118 110 81 68 71 61 22 63 77 37 45 8 123 39 75 88 88 73 46 71 89 91 85 1 56 22 103 35 75 71 67 38 95 16 33 68 53 52 52 84 58 50 37 110 1 123 54 97 42 69 94 73 13 66 65 116 39 3 63 96 101 28 52 46 77 60 67 65 77 81 44 31 115 56 
77 85 83 74 31 59 47 44 36 81 92 93 62 53 91 95 101 112 52 59 55 50 92 57 19 78 84 86 100 68 98 1 71 70 66 56 60 52 99 52 101 62 40 37 72 32 30 89 25 59 15 66 72 43 57 13 36 22 86 68 38 20 65 31 85 49 2 57 36 93 59 96 79 91 43 27 82 74 60 15 69 84 21 61 52 84 105 39 23 18 28 29 43 57 64 84 20 40 86 74 
77 64 82 53 10 33 50 30 39 89 80 94 57 38 78 98 91 95 62 38 28 48 74 41 43 57 92 89 84 57 79 27 45 56 61 36 42 26 103 33 82 65 56 44 51 40 55 81 51 33 22 40 78 23 54 37 39 6 81 41 17 34 48 25 63 56 25 41 17 92 33 101 59 85 26 37 78 63 34 33 57 91 5 35 45 80 95 15 21 13 44 31 42 49 59 73 11 17 92 56 
74 39 79 28 22 16 56 26 48 94 63 92 53 27 63 98 76 74 72 17 12 49 52 28 67 32 98 88 63 46 55 54 19 41 55 16 24 18 102 17 59 67 72 55 28 54 77 70 76 21 43 13 82 15 54 61 48 34 73 17 16 54 32 35 37 65 51 28 20 88 21 101 36 75 21 53 72 51 12 54 43 95 33 20 42 74 80 14 37 35 62 43 47 43 55 60 33 14 94 36 
35 102 34 98 95 121 52 80 63 13 72 25 54 79 71 17 68 95 41 93 117 57 91 80 82 101 10 22 89 66 99 95 119 74 53 93 87 120 17 89 98 38 56 59 95 63 77 57 87 125 83 114 24 91 52 84 63 104 46 121 94 74 81 77 105 46 96 81 90 32 125 12 95 51 85 68 44 66 117 79 71 11 101 125 64 42 68 99 81 91 66 71 60 63 52 65 91 96 12 86 
94 46 99 39 39 8 78 47 69 115 78 111 74 47 77 118 91 83 93 34 13 70 63 48 84 40 119 108 73 65 63 69 13 59 75 34 42 17 122 37 67 88 92 76 40 74 95 87 92 11 61 15 103 36 75 78 69 46 92 7 36 73 49 55 43 86 66 47 40 107 11 122 47 93 42 73 91 69 9 72 61 116 46 8 62 93 95 32 56 52 82 63 68 64 76 76 50 34 115 50 
45 34 50 24 31 45 34 12 31 68 39 63 25 3 38 69 50 56 50 15 41 25 36 2 62 28 71 59 45 17 43 57 41 16 26 15 9 47 73 12 45 41 56 38 21 39 70 42 72 50 41 36 55 19 27 58 31 47 44 43 25 46 9 25 35 43 55 3 24 59 50 73 26 47 14 41 43 23 40 49 16 68 44 49 16 45 54 29 33 39 51 31 26 15 27 33 37 25 66 19 
88 37 93 31 40 13 74 43 67 111 70 105 68 42 69 112 83 74 90 28 17 66 54 42 85 32 114 103 65 58 54 71 4 52 69 29 35 23 116 33 58 84 91 74 32 73 96 79 94 18 62 8 98 34 70 80 67 49 85 3 35 73 43 54 34 83 68 41 39 101 18 116 38 86 39 72 84 62 10 73 54 112 49 16 58 87 87 32 56 53 81 62 65 58 70 69 51 33 110 42 
98 50 103 43 42 10 81 51 72 119 83 116 78 52 82 122 95 87 97 39 16 74 67 52 86 45 123 112 78 69 67 70 17 63 79 38 46 17 126 42 71 92 95 79 44 77 97 91 94 10 64 19 107 40 79 80 72 47 96 11 39 76 54 59 47 90 67 51 43 111 10 126 51 98 46 76 95 73 13 75 66 120 48 8 67 97 99 35 59 54 85 66 72 68 80 81 52 37 119 55 
28 54 25 55 77 90 52 57 60 54 17 32 33 50 17 41 11 38 59 59 87 45 38 48 94 55 56 35 34 30 45 96 81 34 29 60 52 93 43 58 43 42 75 62 53 66 96 6 103 96 80 77 47 66 39 92 60 92 13 85 72 79 43 65 57 56 95 48 70 25 96 46 48 6 61 71 17 25 84 83 32 52 89 94 44 17 12 77 73 82 77 66 53 38 32 16 81 72 47 42 
64 96 69 85 51 83 36 53 32 58 91 76 56 60 89 76 97 114 32 72 78 45 97 64 13 90 60 69 103 68 104 30 91 73 60 70 70 77 79 65 106 47 15 27 83 24 9 83 17 84 29 85 52 58 50 17 32 49 76 89 56 18 71 39 96 32 32 65 52 78 84 75 88 83 55 22 72 73 82 19 71 61 47 86 51 73 99 59 35 39 12 31 39 56 57 81 41 58 65 80 
64 26 68 14 30 28 52 22 46 86 49 81 44 18 48 88 61 59 68 4 26 43 37 17 72 18 90 78 48 34 41 62 22 28 45 5 11 33 91 10 44 60 71 53 13 53 81 56 82 34 48 17 74 17 46 67 46 45 60 25 23 57 18 36 25 61 59 16 25 76 34 91 22 62 19 53 60 38 23 59 30 87 43 33 34 62 65 24 40 42 64 43 43 34 46 46 40 21 85 21 
66 53 72 42 2 31 42 18 32 81 67 84 46 25 66 89 79 83 56 27 26 38 62 29 47 46 85 79 72 45 67 34 39 44 49 24 30 27 93 21 70 56 53 38 40 36 57 69 56 34 23 34 70 11 44 41 32 18 69 37 5 34 36 18 52 50 32 29 5 82 34 92 48 73 14 34 67 51 30 34 44 83 16 35 34 69 82 7 17 15 43 25 33 38 48 61 13 7 83 44 
38 49 44 39 29 53 20 12 16 56 46 56 18 14 45 62 55 67 36 29 49 11 49 17 50 43 60 52 56 22 56 47 53 25 22 27 24 53 66 22 58 30 41 23 36 24 56 44 59 57 31 47 44 23 17 46 16 43 42 54 27 33 23 16 50 29 46 18 23 54 57 64 41 47 17 27 39 28 49 37 24 57 40 57 6 42 59 32 23 32 36 18 11 11 21 38 31 28 57 33 
9 68 4 65 74 94 38 56 49 32 36 14 27 52 35 22 33 59 41 64 91 36 55 51 80 67 35 14 53 34 63 86 89 41 24 64 57 96 25 61 62 25 58 49 63 54 81 21 89 99 71 84 26 67 29 80 49 87 10 92 71 67 49 59 71 40 86 51 68 9 99 27 61 16 60 59 8 32 89 72 38 30 84 99 39 6 34 76 65 76 63 57 43 36 24 29 75 72 25 52 
41 76 47 67 43 73 13 36 12 43 67 56 33 41 66 57 73 91 15 55 68 22 75 45 30 71 47 49 80 45 82 39 78 51 37 53 51 70 61 48 84 25 13 5 64 7 32 59 39 76 27 72 34 45 26 30 12 48 53 77 45 18 51 25 77 11 39 46 40 57 76 58 68 60 40 11 49 50 71 23 49 46 45 77 29 50 76 49 26 35 13 17 17 34 33 58 36 47 48 60 
81 33 85 25 34 14 66 35 59 103 64 98 60 34 63 105 77 70 82 21 15 58 49 34 79 27 106 95 60 51 50 66 7 44 62 21 28 22 108 25 54 76 83 66 26 65 89 72 88 20 55 1 90 26 62 73 59 45 77 8 28 66 35 46 31 75 63 33 32 93 20 108 33 79 31 64 77 54 8 66 47 103 44 18 50 79 81 26 49 47 74 54 57 50 62 62 45 26 102 36 
65 67 71 56 15 46 36 26 25 74 75 82 47 34 74 85 85 94 47 41 41 36 73 39 30 60 78 76 82 51 79 20 56 52 51 38 42 41 89 34 82 52 40 29 53 25 41 73 40 48 7 50 64 25 43 25 25 17 71 53 21 19 46 14 67 41 18 39 18 81 48 87 61 76 25 21 68 57 46 18 52 77 14 49 36 70 88 23 7 4 29 16 29 41 49 67 4 23 78 55 
32 80 37 72 55 85 14 45 23 29 64 44 31 48 63 44 68 89 2 63 80 24 76 50 42 76 32 36 79 45 84 53 87 53 34 61 58 82 48 56 85 16 17 17 69 21 40 54 49 88 41 81 20 55 25 43 23 62 45 87 56 32 55 37 82 5 53 51 52 46 88 44 72 52 49 25 41 49 82 37 50 32 59 89 33 42 70 61 40 49 25 30 23 36 30 55 50 58 34 63 
57 47 91 7 87 93 51 38 17 67 1 63 75 54 34 11 6 93 84 35 46 96 62 32 88 44 68 25 19 89 12 2 35 84 44 2 32 74 25 48 84 73 60 90 67 70 2 14 35 23 90 55 32 30 26 66 36 1 98 20 31 4 77 48 37 80 64 8 52 30 17 21 32 63 27 83 20 81 30 34 35 27 86 82 44 49 32 52 26 11 61 18 95 14 2 63 6 75 47 3 