40 100 5
34 17 85 29 88 72 74 33 84 64 63 63 68 36 52 82 67 26 17 39 44 23 15 26 53 54 74 78 89 39 42 89 25 61 56 41 59 13 73 73 37 43 66 12 66 30 25 83 72 56 44 81 14 50 39 47 104 15 53 83 85 73 58 89 56 83 45 66 43 19 42 70 75 38 72 86 27 51 14 68 62 68 71 4 79 50 55 17 97 74 27 9 15 28 60 22 53 28 103 15 
46 18 94 43 98 78 79 45 95 78 75 75 76 49 58 85 79 38 16 40 51 10 21 18 66 63 87 84 99 38 35 96 31 69 69 34 62 26 74 73 46 51 62 26 78 41 26 91 86 67 55 90 2 57 52 49 112 24 66 91 90 72 72 94 68 88 57 60 36 11 51 82 88 36 81 94 40 64 18 69 57 78 81 18 88 64 67 4 103 73 40 18 24 21 61 17 51 38 110 4 
54 9 106 46 110 93 94 44 105 82 84 84 89 53 72 100 87 38 7 56 65 20 15 33 67 76 93 98 111 54 49 110 45 82 75 48 77 27 90 89 58 64 77 31 87 52 14 105 88 78 65 102 18 71 51 65 125 36 73 105 105 88 75 109 76 103 66 74 50 26 63 91 90 52 93 107 44 67 14 85 72 89 92 24 100 66 76 17 117 89 40 30 22 6 76 33 66 50 124 20 
32 37 72 38 76 54 55 46 74 66 56 56 53 42 34 62 63 39 36 19 28 29 36 19 62 39 72 60 76 19 29 72 7 45 55 29 38 30 53 53 24 27 47 24 60 24 45 67 76 47 35 67 23 33 51 27 88 9 52 67 66 53 62 70 52 64 38 50 31 18 28 62 80 20 58 70 35 56 34 48 44 57 60 22 65 56 51 25 79 53 40 12 34 45 39 14 34 17 86 21 
24 46 72 12 74 75 82 13 65 28 43 44 64 8 59 92 40 17 48 65 52 64 40 64 13 55 42 79 77 67 78 88 47 61 27 78 74 29 92 95 43 52 95 29 43 33 47 79 33 43 37 71 55 59 8 68 96 40 26 81 89 96 21 93 31 88 33 99 80 59 45 50 35 69 63 79 15 12 41 86 93 55 57 36 69 11 33 57 94 94 15 41 33 60 81 60 82 39 97 55 
60 94 41 76 44 11 2 89 51 80 54 53 25 76 26 9 64 85 93 43 34 83 91 69 91 29 74 13 42 46 63 22 51 24 68 64 20 82 23 29 43 34 46 74 58 54 101 24 92 46 47 35 79 27 90 33 40 61 66 22 10 34 82 14 62 8 51 59 64 72 39 52 97 49 33 28 75 82 89 20 51 41 42 76 35 83 59 81 27 28 84 67 87 102 27 66 43 50 36 77 
25 72 34 38 36 44 53 48 28 25 5 6 31 33 37 64 12 48 73 57 33 78 67 71 40 28 22 46 38 61 78 52 45 31 14 79 53 54 70 75 30 34 82 48 8 29 77 43 37 9 17 33 70 37 46 54 59 47 13 45 57 78 28 60 8 57 14 91 80 69 28 13 42 64 26 43 38 31 67 64 84 17 19 55 31 32 5 73 58 74 47 53 60 85 63 66 71 35 59 70 
74 72 95 83 99 66 60 91 101 108 91 90 74 87 55 58 100 84 70 32 56 48 74 36 106 65 111 71 97 29 19 82 48 66 96 20 43 73 40 35 59 55 16 69 96 65 80 82 119 81 72 88 52 54 96 35 100 54 93 80 70 31 105 73 92 68 76 6 18 43 61 95 123 26 82 86 80 100 72 40 9 85 88 64 88 100 89 51 87 36 85 55 75 72 33 38 18 57 97 50 
42 74 66 39 67 81 90 40 56 12 39 40 68 32 71 101 30 45 76 85 65 91 68 90 17 64 25 83 71 88 102 88 68 68 24 102 87 57 105 109 59 66 113 56 36 51 75 79 5 46 48 68 82 71 33 85 92 64 26 81 94 112 11 97 30 94 43 120 104 85 59 44 7 90 62 78 41 17 69 99 113 53 54 64 66 18 33 85 94 109 43 67 61 88 96 85 101 59 93 83 
34 60 72 26 73 81 89 25 64 21 43 44 69 21 68 100 37 31 62 77 61 78 54 78 2 62 35 84 77 80 91 91 60 67 26 92 84 43 102 105 53 61 107 43 41 44 60 82 21 47 44 73 69 67 18 79 98 54 26 84 95 107 13 98 31 94 40 112 94 73 54 50 21 81 65 82 29 9 55 95 105 57 58 51 70 8 34 72 98 104 29 55 47 73 91 74 94 51 98 70 
59 102 18 76 21 17 25 88 30 68 41 40 17 73 35 32 50 86 102 60 41 97 98 85 84 30 59 12 17 64 82 8 62 24 58 84 40 87 48 54 48 42 70 79 44 57 109 1 79 37 45 13 91 36 88 51 19 70 57 3 19 58 72 20 52 20 48 83 84 86 43 36 84 68 18 4 75 75 97 44 75 27 26 84 15 76 49 94 14 53 85 76 93 113 50 81 65 57 18 90 
22 49 68 13 69 72 79 17 61 25 39 39 61 7 57 89 35 20 51 64 49 66 43 65 12 52 38 75 72 66 78 84 46 58 23 78 72 31 90 93 41 50 93 30 38 31 51 75 30 40 34 67 56 56 12 67 92 40 21 77 86 95 17 89 27 85 30 99 80 60 43 46 32 68 59 76 16 9 44 84 92 51 53 38 65 8 29 59 91 92 18 42 36 63 79 60 81 38 93 57 
64 86 61 78 65 31 22 90 70 91 67 66 42 80 31 19 78 84 85 31 37 70 85 55 97 39 88 35 63 32 45 44 46 37 78 47 14 78 4 8 45 36 24 71 72 56 94 46 103 57 54 55 69 31 93 22 62 56 76 44 31 12 91 34 73 29 59 37 46 60 43 68 107 35 51 50 76 89 83 3 30 57 59 71 55 90 70 70 48 7 84 61 83 92 10 54 24 49 58 67 
75 83 84 86 88 54 46 96 92 106 85 85 64 89 48 43 96 89 81 32 51 61 83 47 108 57 106 58 86 31 32 68 51 57 93 34 33 80 24 19 57 50 3 74 90 65 91 70 117 75 69 78 63 47 100 30 86 59 91 67 55 14 104 57 88 53 74 14 32 54 57 88 122 31 73 74 83 101 81 26 9 77 80 71 77 101 86 63 72 20 90 62 83 85 22 48 16 58 82 61 
52 42 88 56 92 66 64 62 91 86 75 75 68 62 47 67 83 55 40 22 44 20 44 6 80 55 92 72 92 19 11 84 26 59 75 10 45 44 54 51 42 43 38 40 80 44 50 81 96 66 54 83 22 46 69 32 101 28 72 80 75 49 82 78 73 73 58 36 13 13 46 81 99 16 75 84 53 76 41 50 33 74 77 35 81 76 71 22 90 52 57 27 45 44 41 9 28 37 98 20 
38 76 55 39 56 71 80 44 45 3 29 30 58 32 63 91 19 48 78 79 58 91 70 87 24 55 14 73 59 82 98 78 64 59 16 98 79 58 97 101 52 59 107 55 25 46 78 68 9 37 40 57 81 63 38 78 81 62 18 71 84 104 10 86 21 84 35 115 100 83 52 33 15 85 52 67 41 19 71 91 107 43 43 63 55 20 24 84 83 100 46 65 63 90 89 82 95 54 82 82 
52 48 84 58 88 60 58 65 88 86 73 73 63 63 43 61 81 59 46 17 40 27 49 12 82 51 91 66 88 13 8 78 25 55 75 9 39 48 47 45 40 39 32 43 78 43 56 76 97 64 53 78 28 42 71 26 96 30 72 74 69 43 82 72 72 67 57 31 10 19 43 79 100 9 71 79 55 77 47 43 27 71 74 38 77 77 70 28 85 45 60 30 50 50 34 13 21 36 93 26 
18 44 59 29 62 46 49 40 59 52 41 41 41 32 25 57 48 35 44 25 17 42 40 34 51 28 57 51 63 28 42 63 9 34 41 43 36 31 53 55 10 17 54 23 45 9 51 57 63 32 20 54 35 24 44 28 77 12 38 57 59 56 49 63 38 57 23 60 44 32 15 47 67 30 45 59 27 45 39 47 53 42 46 26 52 45 36 38 70 55 35 19 36 55 41 29 42 2 76 34 
64 99 39 81 42 13 8 93 50 82 55 54 27 80 31 10 66 89 99 49 39 89 97 75 94 33 76 12 39 52 69 17 57 27 71 70 26 87 27 33 48 40 51 79 60 59 107 22 94 48 51 33 85 32 94 39 35 67 69 19 4 38 85 7 65 2 55 65 70 79 44 53 99 56 34 26 79 85 95 25 57 42 43 82 34 86 61 87 21 32 89 73 93 108 33 72 49 56 31 84 
60 12 113 49 116 101 103 44 111 84 89 89 97 56 81 110 91 39 12 65 73 30 17 43 67 83 96 107 118 64 59 118 53 90 79 58 86 30 100 99 66 72 87 36 91 58 9 112 89 84 72 109 28 79 51 74 133 44 76 113 114 98 77 117 80 112 72 84 60 36 71 97 90 62 100 115 47 68 17 95 82 95 98 30 107 67 80 27 126 99 41 38 24 7 86 43 76 57 132 30 
41 11 96 29 98 88 91 24 92 64 70 71 81 35 68 99 71 19 13 58 59 35 6 43 47 69 76 93 100 58 59 104 42 75 59 59 76 12 92 92 51 59 85 19 72 42 12 97 69 66 54 93 28 66 31 66 117 32 56 98 101 92 56 105 60 99 54 84 61 36 56 78 70 57 83 99 28 48 8 86 81 78 81 17 91 47 61 29 111 92 21 27 6 24 79 41 72 43 116 30 
26 48 72 14 73 76 83 14 65 27 43 43 65 10 61 93 39 19 50 67 53 66 42 67 10 56 41 80 76 69 80 88 49 62 26 80 75 31 93 96 45 53 96 31 42 34 49 80 31 44 38 71 57 60 9 70 96 42 25 81 90 98 19 93 31 89 34 101 82 61 47 50 32 71 63 80 17 11 43 87 95 55 57 38 69 9 33 60 95 96 17 44 35 62 82 62 84 41 97 58 
13 56 44 30 48 39 45 42 44 40 25 25 30 29 23 55 33 39 57 36 16 58 52 50 45 18 43 43 49 40 57 53 24 25 28 57 38 40 56 59 9 16 64 33 29 10 62 46 52 16 4 41 50 22 43 35 65 27 25 47 53 62 39 56 23 52 8 72 59 48 9 31 56 43 32 47 28 37 51 50 64 27 30 38 39 37 21 53 60 59 38 33 46 68 46 45 52 14 65 50 
66 88 61 80 65 30 22 92 70 92 68 67 42 81 32 18 79 86 87 33 38 72 87 57 99 40 89 34 62 34 47 43 48 37 79 49 16 80 2 8 47 38 25 73 73 57 96 45 104 58 55 55 71 32 95 24 61 58 77 43 30 12 92 32 74 28 60 39 48 63 45 69 109 37 51 49 78 91 85 4 32 57 59 73 55 91 71 72 47 7 86 63 85 94 12 56 26 51 57 69 
20 67 39 32 41 48 57 43 33 22 11 11 35 27 39 67 13 43 68 56 34 75 62 69 34 30 22 50 44 60 77 57 43 35 9 77 55 49 72 77 30 35 83 43 12 26 72 48 34 13 17 39 66 38 40 55 64 44 8 50 62 80 23 64 4 61 12 92 79 66 28 18 38 63 31 48 32 25 62 66 84 23 25 51 37 26 1 69 64 76 41 49 55 81 64 64 72 33 65 66 
18 60 41 35 44 34 40 47 41 43 25 25 25 34 18 50 34 44 60 35 12 60 56 51 49 13 44 38 45 39 56 48 25 20 30 57 34 44 52 56 9 13 61 37 29 14 66 41 55 15 6 37 53 17 48 33 61 30 28 42 48 58 43 51 25 47 11 70 58 50 6 30 59 42 28 43 34 41 55 46 62 24 28 42 35 42 23 56 55 55 43 36 50 72 43 46 50 16 60 52 
67 112 14 83 13 32 39 94 24 68 43 42 28 79 48 46 50 93 112 74 53 110 108 98 86 42 56 27 9 78 97 19 74 36 60 98 55 95 62 68 59 54 85 88 44 66 118 16 77 42 53 15 103 49 93 65 12 81 60 18 33 73 73 32 55 34 54 98 98 99 54 36 82 82 24 12 82 77 107 59 90 31 28 94 17 79 52 106 20 67 92 87 102 123 65 94 80 67 14 102 
53 7 105 44 108 92 94 42 104 80 82 83 89 51 72 100 85 36 5 56 64 22 13 34 65 75 91 98 110 54 50 110 44 81 74 49 77 25 90 89 57 64 78 30 85 51 12 104 86 77 64 101 18 70 49 65 125 35 71 104 105 88 73 108 74 103 65 75 51 27 62 90 88 52 92 106 42 65 12 85 73 88 91 23 99 64 74 18 117 90 38 29 20 8 77 34 67 49 123 20 
15 37 64 21 67 54 58 32 63 49 43 43 48 25 34 66 48 26 37 32 26 40 33 35 45 35 56 59 69 34 46 70 14 42 39 46 45 22 62 64 17 26 62 14 46 10 43 64 59 36 23 60 31 33 36 37 84 9 36 64 68 65 45 71 37 66 25 66 48 31 22 50 62 36 51 66 19 39 32 56 60 47 50 18 58 39 36 34 78 64 26 14 28 49 50 30 49 9 83 31 
57 33 99 56 103 79 77 60 101 90 83 83 79 63 59 81 89 53 30 36 54 7 36 10 81 66 98 85 103 33 22 97 35 71 80 21 59 41 68 66 51 53 52 39 87 50 40 93 99 75 62 94 14 58 67 46 114 32 77 92 89 64 84 92 78 87 65 47 23 10 56 89 101 30 85 96 54 78 34 64 46 84 87 32 92 77 77 12 103 66 55 28 40 31 55 14 42 44 111 13 
31 17 86 20 89 78 82 19 83 56 61 61 72 27 58 90 62 13 19 51 50 36 11 40 41 59 68 83 91 52 56 94 34 66 50 56 68 2 84 85 42 50 79 10 63 32 21 87 62 56 45 83 27 57 26 58 107 24 47 88 92 85 49 95 51 90 44 80 58 33 46 68 64 51 74 89 19 41 12 78 76 68 71 11 81 40 51 29 102 85 15 20 4 31 71 37 66 34 106 28 
44 82 57 45 57 75 85 49 46 9 33 34 61 38 68 95 22 53 84 85 64 97 76 94 28 60 14 76 61 88 104 80 70 63 21 104 85 64 102 106 58 64 113 62 28 52 84 71 8 41 46 60 87 68 43 84 82 68 24 74 88 109 16 90 26 87 41 121 106 90 57 36 12 91 55 70 47 24 77 96 113 46 46 70 58 25 29 90 86 106 51 72 69 96 94 89 101 60 84 88 
47 94 15 60 15 40 50 71 5 40 18 17 27 55 44 60 22 71 95 69 45 98 89 89 60 35 28 39 19 73 92 40 63 34 34 93 58 76 72 77 46 46 90 70 17 49 99 31 49 23 36 19 90 45 68 64 40 67 34 34 50 82 46 51 29 50 34 101 94 88 42 10 54 77 19 29 60 51 89 67 93 14 11 76 17 52 28 93 44 77 69 73 82 107 69 84 81 53 42 89 
46 40 83 50 87 62 60 57 86 80 69 69 63 56 43 65 76 50 38 19 38 21 40 7 75 50 86 67 87 17 16 80 20 54 69 16 42 39 52 51 36 37 40 35 74 38 48 76 90 60 48 77 20 41 63 29 97 22 66 75 72 49 76 75 66 69 52 40 18 12 40 75 93 14 69 79 47 70 38 48 36 68 72 30 76 70 65 21 86 51 51 21 41 43 39 5 28 31 94 18 
18 48 55 31 59 43 46 42 56 51 38 38 38 33 22 55 45 37 47 25 14 46 44 37 51 24 55 48 60 28 44 59 11 30 39 45 34 34 52 54 6 14 54 26 42 9 54 53 62 29 17 51 38 21 45 27 74 16 36 53 56 55 48 60 35 54 21 61 46 36 11 44 66 31 42 55 28 44 43 45 54 39 42 29 49 44 34 41 66 54 37 22 39 58 40 32 42 2 72 38 
40 75 62 39 63 77 86 41 52 8 36 36 64 32 68 97 26 46 77 83 63 91 69 89 19 60 21 79 66 86 100 84 67 65 21 100 85 57 102 106 57 63 111 56 32 49 76 75 4 43 45 64 82 68 35 83 88 64 23 78 90 109 10 93 26 90 40 118 102 85 56 40 9 88 59 74 41 17 70 96 111 49 50 64 62 18 30 85 90 106 44 66 62 89 94 84 99 57 89 82 
46 18 94 43 98 78 79 45 95 78 75 75 76 49 58 85 79 38 16 40 51 10 21 18 66 63 87 84 99 38 35 96 31 69 69 34 62 26 74 73 46 51 62 26 78 41 26 91 86 67 55 90 2 57 52 49 112 24 66 91 90 72 72 94 68 88 57 60 36 11 51 82 88 36 81 94 40 64 18 69 57 78 81 18 88 64 67 4 103 73 40 18 24 21 61 17 51 38 110 4 
62 56 91 69 95 66 61 76 96 97 83 82 70 74 50 63 91 69 54 24 48 32 58 20 93 59 101 71 95 20 3 83 36 62 85 4 43 58 47 43 49 47 27 54 87 54 64 81 107 73 62 85 36 49 82 32 101 40 82 80 72 40 93 76 82 70 66 22 2 27 52 87 111 16 78 85 66 88 55 44 21 79 82 48 84 87 79 35 89 44 70 40 59 56 36 22 20 46 98 34 
77 88 82 89 85 51 43 99 90 107 85 85 62 92 48 38 96 93 86 35 52 67 88 53 110 57 106 55 83 35 38 64 54 56 94 40 32 84 20 14 58 51 9 78 90 68 96 66 119 75 70 75 68 47 103 32 82 63 92 64 51 9 106 53 89 49 75 20 38 59 58 87 123 35 71 71 86 103 86 23 16 76 78 76 75 103 86 69 68 15 93 66 88 91 21 53 20 60 78 66 
21 52 52 35 56 38 41 47 54 53 38 37 34 37 17 50 46 42 52 23 9 48 49 38 55 20 56 43 56 26 43 55 13 26 41 44 29 39 47 49 4 9 51 31 42 13 59 49 64 28 17 47 42 16 50 23 70 20 38 49 51 51 51 55 37 49 21 58 46 38 8 43 69 30 38 51 33 48 47 41 51 37 40 34 46 48 34 44 62 49 42 26 44 62 35 34 39 7 68 41 
13 5 15 78 16 81 35 4 46 33 32 2 58 81 14 69 37 94 20 50 15 16 92 86 0 25 85 80 31 70 10 93 13 45 41 44 81 43 22 54 7 71 57 75 5 66 5 7 8 57 78 39 44 36 69 11 47 13 42 28 43 57 59 17 22 84 18 14 28 3 55 68 74 6 52 72 83 48 5 70 4 35 28 12 40 91 4 12 40 38 37 42 88 40 68 26 46 76 3 49 