100 100 5
12 39 66 18 39 17 78 48 61 31 81 19 54 32 72 30 43 21 16 54 78 74 61 57 47 35 57 59 75 38 60 45 38 49 69 27 28 45 29 39 47 77 51 39 32 45 80 34 36 31 40 36 77 70 31 72 33 37 52 30 34 71 40 65 81 73 40 33 23 71 46 54 29 71 61 6 24 18 27 71 18 32 49 17 17 34 64 67 63 63 53 47 48 68 44 55 25 50 3 30 
68 33 21 65 27 39 52 73 72 75 97 38 9 64 33 28 39 42 65 93 85 74 53 94 46 75 72 46 39 22 13 14 64 27 18 38 43 101 38 56 73 86 57 18 27 55 32 39 88 39 91 42 98 64 39 80 35 21 26 81 90 87 82 72 97 53 44 36 59 41 100 3 29 44 95 57 50 38 39 32 54 69 92 60 72 90 40 26 87 61 64 35 99 47 55 72 38 6 56 27 
46 4 34 35 38 23 44 40 41 43 66 27 27 31 37 14 10 36 50 59 57 48 30 60 17 42 40 25 40 12 31 32 30 46 39 37 43 75 39 23 39 57 26 26 29 23 48 5 58 6 60 48 66 41 42 51 2 28 18 50 65 56 49 43 66 39 51 3 51 36 71 31 13 36 61 33 45 26 38 37 44 35 58 30 46 64 29 33 54 35 32 12 68 34 61 40 35 30 36 24 
8 55 83 19 58 36 92 50 66 26 81 38 72 36 88 48 57 39 20 47 82 81 73 51 59 32 61 72 91 57 79 64 42 67 87 45 44 26 47 48 48 81 60 58 51 54 98 48 21 46 26 52 76 80 48 77 49 56 69 19 15 73 33 71 82 86 55 48 32 86 28 73 48 86 55 18 38 38 45 88 31 32 40 23 6 15 79 84 63 73 60 62 33 82 57 59 43 70 20 49 
48 15 30 43 26 20 49 53 54 52 80 21 18 42 37 6 22 29 48 71 70 60 40 72 30 52 53 35 42 3 24 19 42 33 33 28 34 80 29 36 52 70 39 13 18 36 44 18 65 17 68 38 79 52 32 64 14 16 19 58 70 69 60 56 79 47 40 15 46 40 78 20 7 41 74 36 38 21 29 37 39 46 69 38 51 69 34 31 67 47 46 21 76 41 51 53 27 18 36 13 
85 68 89 67 107 85 67 35 29 57 3 90 92 51 82 82 62 98 98 41 19 32 50 37 54 51 30 57 80 81 92 102 46 116 97 102 106 90 104 48 37 17 44 96 97 47 96 65 68 67 65 113 8 43 107 22 70 98 75 66 87 14 51 29 4 59 117 69 106 72 77 98 81 69 32 78 105 89 103 83 100 52 48 66 77 85 67 85 20 42 37 66 66 62 124 30 100 98 86 92 
47 44 52 53 6 25 78 75 81 66 106 20 37 61 63 28 51 16 38 88 98 89 70 90 59 68 79 65 68 33 44 19 64 13 51 10 12 79 8 60 74 98 67 19 12 63 65 45 73 42 77 9 104 82 7 92 40 15 48 67 69 95 74 84 106 77 11 41 29 68 82 33 28 70 93 41 19 21 10 62 25 63 84 50 54 70 64 56 91 76 73 51 85 71 22 79 12 28 35 18 
38 52 65 49 21 27 89 76 85 62 108 22 50 61 75 35 58 13 27 85 102 95 78 88 65 66 82 73 80 42 57 33 65 26 65 11 5 69 10 63 75 102 72 31 22 67 78 50 66 47 71 7 105 89 8 96 47 27 58 61 59 98 71 89 108 86 9 47 16 79 74 46 35 80 92 37 8 22 10 74 15 62 81 47 47 60 74 68 92 83 77 59 78 80 13 82 13 42 29 26 
21 49 70 35 32 22 88 65 76 47 97 20 56 49 78 35 54 13 11 71 93 89 74 74 60 52 73 70 82 44 63 42 54 41 71 19 16 52 20 55 63 93 65 38 28 59 84 45 50 42 54 23 94 84 21 88 43 35 59 45 42 87 56 81 98 84 26 43 6 80 57 54 35 81 78 23 9 20 18 77 2 49 65 34 30 43 73 72 80 77 69 57 62 79 28 72 18 50 14 30 
26 30 60 9 50 25 65 28 41 17 60 30 53 12 63 30 30 37 36 38 57 54 45 40 31 18 36 44 65 36 57 51 17 60 65 42 45 49 44 20 26 57 32 44 41 26 74 23 31 21 34 52 57 52 47 52 25 44 44 24 40 50 25 45 60 58 56 24 43 60 44 55 29 59 43 15 42 29 42 63 38 13 35 5 22 39 52 60 43 45 33 36 41 55 62 35 39 53 23 36 
17 45 68 29 34 19 85 59 71 42 92 18 55 44 76 32 50 14 10 65 88 84 69 68 55 46 68 66 80 41 62 43 49 43 70 20 19 49 22 49 58 88 60 37 28 54 82 41 45 38 49 27 88 79 23 82 39 35 56 40 39 82 51 75 92 80 30 39 12 77 53 53 32 77 72 17 13 17 20 75 7 43 60 28 25 40 70 70 75 72 63 53 57 75 33 66 19 50 8 28 
19 40 63 27 31 14 80 56 67 40 88 13 50 40 71 27 45 12 15 64 84 79 64 66 50 44 64 61 75 36 57 39 45 41 65 18 18 52 20 45 55 84 56 33 25 50 78 36 45 33 49 27 85 74 22 78 34 31 51 40 41 78 49 71 89 75 30 34 16 72 54 49 27 72 70 15 14 13 18 70 9 40 59 26 26 42 65 65 72 68 59 48 57 70 35 62 16 45 7 24 
82 36 5 74 49 54 33 73 65 81 90 55 19 68 13 41 38 61 82 95 75 62 42 95 43 80 67 36 18 32 11 36 66 50 6 59 64 113 59 57 73 77 52 37 47 53 10 43 97 45 99 65 92 51 60 71 41 41 22 89 103 80 87 64 89 37 66 42 79 23 110 23 41 26 95 70 70 55 59 11 72 73 96 69 84 103 26 8 83 51 59 32 106 32 77 68 58 27 71 45 
30 51 69 42 28 25 90 72 82 55 104 21 54 56 78 36 57 12 18 79 99 93 77 82 64 59 79 73 83 44 62 39 60 35 69 15 10 60 15 60 70 99 70 36 26 64 83 49 58 46 62 16 100 88 15 93 46 32 60 53 50 94 64 86 104 86 18 46 7 81 65 51 36 82 85 30 3 21 14 77 7 56 73 41 39 51 75 72 87 81 74 59 70 81 20 78 15 47 22 29 
4 50 77 22 47 28 89 55 69 33 87 29 64 39 83 41 54 27 9 56 85 83 71 59 57 39 65 69 86 49 71 54 45 56 79 33 32 36 35 48 53 85 60 49 40 54 91 45 33 42 37 40 82 80 36 80 44 46 63 29 26 77 42 74 87 84 43 44 21 82 40 64 40 82 64 14 26 28 33 82 19 37 50 24 14 26 75 78 69 73 62 58 45 79 45 63 32 60 11 39 
19 46 68 31 33 19 85 61 73 44 94 18 54 46 76 33 51 13 11 67 90 85 70 70 57 48 69 67 80 41 61 42 50 41 70 19 17 51 20 51 60 90 62 37 28 56 82 42 47 39 51 25 90 80 22 84 40 34 57 42 41 84 53 77 94 81 28 40 10 77 55 53 32 78 74 19 11 17 18 75 4 45 62 30 28 41 71 70 77 74 65 54 59 76 31 68 17 49 11 28 
19 67 95 29 69 48 103 57 74 32 86 50 85 45 100 60 68 49 28 49 89 90 83 53 70 38 69 82 103 69 91 76 51 78 99 55 54 14 57 57 55 88 69 70 62 64 110 60 21 57 24 62 80 89 58 84 61 68 80 22 4 79 37 79 87 96 64 60 40 98 21 85 60 97 58 30 47 49 55 100 40 40 42 34 17 5 90 96 68 82 69 74 29 93 64 67 54 82 32 61 
72 22 14 61 51 47 22 55 47 66 72 49 22 52 11 34 22 57 75 78 58 45 25 78 25 64 49 18 14 25 19 39 49 55 22 56 62 101 57 40 56 59 34 37 45 36 24 29 82 31 84 65 74 34 59 53 28 41 9 75 91 62 71 47 71 23 67 29 74 12 96 29 34 14 77 59 66 49 57 11 67 58 79 56 72 90 9 10 65 33 41 16 91 17 78 50 55 31 62 41 
31 23 54 16 47 23 58 28 38 23 59 28 46 14 56 25 23 36 40 42 55 50 39 44 25 23 34 37 58 30 51 46 16 57 59 40 44 56 42 16 27 55 27 39 37 21 67 16 38 14 40 51 57 47 45 49 18 40 37 31 47 49 30 42 60 52 55 17 45 53 51 49 24 52 46 19 43 27 41 56 39 17 40 12 29 46 45 53 43 40 30 29 48 48 62 33 38 47 26 32 
62 19 16 55 33 33 40 59 56 63 82 34 7 51 25 20 24 41 62 80 70 59 38 80 31 62 57 31 30 11 11 21 50 37 19 39 45 93 40 42 59 71 42 19 28 40 31 25 77 26 80 47 83 49 42 65 22 23 11 70 83 72 70 57 82 40 49 23 59 30 90 13 21 32 81 50 50 34 40 24 52 56 79 50 64 82 26 18 72 45 49 19 88 34 60 57 39 14 50 25 
52 37 41 54 5 25 68 72 76 66 101 21 26 59 52 22 44 22 46 87 91 82 62 89 52 68 74 56 57 24 33 8 61 12 40 17 22 85 16 56 71 92 61 9 9 57 54 39 76 37 79 20 100 74 17 86 34 6 38 69 74 90 74 78 101 67 22 35 38 58 86 21 23 60 91 44 28 22 18 51 33 62 84 50 58 75 54 45 87 69 67 42 87 61 33 74 18 17 39 13 
87 37 19 75 63 62 15 66 54 80 77 64 33 65 6 49 36 72 90 89 61 48 31 89 37 77 58 26 1 40 27 51 62 66 24 70 76 115 71 52 67 63 44 50 59 47 17 44 96 46 98 78 81 37 73 58 43 54 24 89 106 68 84 52 76 21 80 44 89 8 110 39 49 11 87 74 81 64 71 8 82 71 91 71 87 105 15 14 73 38 50 30 104 18 91 59 69 42 77 55 
66 39 60 47 78 58 43 18 1 43 27 63 62 30 54 53 32 72 76 40 17 16 22 38 24 37 6 28 53 52 62 72 24 86 67 75 79 81 77 21 20 18 14 66 69 18 68 36 58 38 58 86 28 20 80 12 40 68 45 53 75 16 41 5 26 34 89 40 82 45 71 68 52 42 36 55 79 62 75 55 76 34 45 45 60 73 39 56 20 15 8 36 62 35 98 8 73 68 63 63 
54 54 58 62 13 35 86 85 91 75 116 30 43 71 70 38 61 24 44 98 108 99 80 100 68 78 89 74 75 42 50 25 74 12 56 19 18 86 16 70 84 108 77 27 22 73 70 54 81 52 85 10 114 91 14 102 50 24 56 76 76 105 84 94 116 85 9 51 33 76 90 38 38 78 103 50 25 31 18 69 31 73 94 59 62 77 72 63 101 86 83 60 93 79 17 89 21 34 43 28 
85 36 17 74 61 60 16 65 54 79 77 62 31 64 4 47 35 70 88 89 61 48 31 88 36 76 57 26 1 38 25 49 60 64 23 68 74 114 69 51 66 63 43 48 57 46 16 42 95 45 96 76 80 37 71 58 42 52 22 88 104 68 82 52 76 22 78 42 87 8 108 37 47 11 87 73 79 62 69 6 80 70 90 69 85 103 14 12 73 38 50 28 103 18 89 59 67 40 75 53 
73 24 14 62 51 48 22 56 48 68 73 50 22 54 10 35 24 58 76 79 58 46 25 79 27 65 50 19 13 26 18 40 51 56 21 57 63 102 58 41 57 60 36 38 46 37 22 30 84 33 85 65 75 35 60 54 30 42 10 76 93 63 72 47 72 23 68 30 75 11 97 29 35 13 79 61 67 50 58 10 68 59 80 57 74 92 9 9 66 34 42 17 92 17 79 51 56 32 63 42 
89 40 31 75 73 66 1 59 45 77 66 69 43 62 19 54 36 78 94 83 49 36 23 82 34 73 49 22 14 46 38 61 57 77 37 77 83 114 79 48 60 51 38 59 67 43 30 45 94 48 94 86 70 26 81 47 46 63 30 87 106 58 79 42 64 10 89 46 94 10 107 50 54 8 80 76 87 69 78 21 87 68 86 70 87 104 15 26 64 29 43 32 100 11 100 51 76 53 80 62 
20 41 63 30 30 14 80 58 69 42 90 13 50 42 71 28 46 10 15 66 86 81 66 69 52 46 66 62 75 36 57 38 47 39 65 16 16 53 18 47 57 86 57 33 24 52 77 37 47 34 51 25 87 76 20 80 35 30 52 42 43 80 51 73 91 76 28 35 14 72 56 48 27 73 72 17 12 13 16 70 8 43 61 28 28 43 65 65 74 69 61 49 59 71 32 64 15 45 9 23 
89 72 92 70 110 88 69 39 32 61 6 93 95 54 84 85 65 102 101 44 21 34 53 40 57 55 33 59 82 85 95 105 50 119 99 105 110 94 108 52 40 19 47 99 101 50 98 69 71 70 69 117 11 45 110 24 73 101 78 69 90 17 54 31 7 61 120 72 110 74 80 101 85 71 35 81 108 93 106 85 104 56 51 70 81 88 70 87 24 45 40 69 69 64 128 33 103 102 90 95 
40 16 47 25 48 26 50 27 32 30 56 31 41 16 48 24 15 40 47 45 49 43 30 46 16 28 30 29 50 26 45 45 16 57 53 43 48 65 45 11 26 49 20 38 38 14 60 9 45 9 47 54 54 39 48 43 13 39 30 38 56 45 35 36 56 43 58 12 52 44 59 45 23 44 47 27 48 31 44 48 45 22 44 20 37 54 37 45 42 32 24 21 54 39 66 29 41 44 33 33 
27 30 61 10 52 27 64 26 39 16 59 31 53 11 63 31 30 38 37 37 56 53 44 39 31 17 35 43 65 37 58 52 16 62 66 43 46 50 45 19 25 56 31 45 42 25 74 23 31 21 33 54 55 51 48 50 25 45 44 24 41 49 24 44 59 57 57 24 45 59 44 56 30 59 42 17 44 30 43 63 39 12 34 6 23 39 52 60 42 44 32 36 41 54 64 34 41 54 25 37 
34 45 76 17 69 44 74 20 38 5 50 49 70 13 76 49 43 55 48 19 52 54 51 22 41 1 33 53 78 54 74 70 17 79 82 60 62 43 62 26 18 51 37 63 60 32 89 38 20 37 20 70 44 55 65 47 41 63 59 15 37 42 6 43 50 66 74 41 57 71 33 73 48 69 26 30 59 48 60 77 53 8 16 19 26 35 63 74 32 49 34 50 26 64 79 30 58 71 38 55 
53 32 59 34 69 47 49 10 13 30 35 52 57 17 55 44 26 60 63 34 30 28 26 33 20 25 9 30 55 44 59 64 11 78 65 64 68 69 66 10 11 30 12 58 59 10 69 27 47 29 47 75 34 29 69 24 32 60 42 41 62 25 30 18 35 40 78 31 70 48 59 62 43 46 32 42 67 51 64 56 64 21 36 32 47 60 41 55 22 22 8 32 52 39 87 8 62 62 50 53 
39 16 39 34 27 11 55 48 52 44 77 14 27 36 45 3 23 23 40 64 69 61 43 66 30 45 51 38 49 11 33 24 37 36 42 24 30 71 26 32 47 69 38 17 17 34 53 16 57 13 60 35 76 54 29 63 12 18 26 50 60 66 52 55 77 51 38 12 39 47 69 28 2 47 68 27 32 14 25 45 32 39 62 29 42 60 40 40 63 48 44 24 68 46 48 50 22 26 27 11 
76 32 40 60 71 58 18 40 26 60 48 62 47 45 31 48 25 71 83 64 32 20 6 62 20 55 30 10 29 43 44 61 40 77 47 72 78 98 74 32 42 34 20 57 63 25 45 34 77 37 77 82 51 9 76 29 37 61 30 70 90 39 61 24 47 9 85 37 86 21 90 53 48 18 61 63 80 62 73 32 79 51 67 56 73 89 17 35 45 10 24 25 83 11 96 32 71 55 69 58 
29 67 97 28 78 54 100 47 65 24 73 57 88 39 100 64 66 59 41 34 79 81 78 38 66 29 60 79 102 72 93 83 44 88 102 65 65 16 67 52 45 77 64 76 70 58 111 60 7 58 9 73 67 83 69 74 61 75 81 14 14 67 25 70 74 92 76 61 53 96 8 89 64 95 43 35 59 57 65 100 52 33 27 33 21 11 88 97 56 76 61 73 13 90 78 58 63 87 40 67 
70 36 22 68 28 41 53 76 74 78 100 40 11 67 34 31 42 44 67 96 88 76 55 97 49 78 75 49 40 25 14 15 67 27 18 40 45 103 39 59 76 89 60 20 29 58 32 42 90 42 94 43 101 66 40 83 38 23 29 83 93 90 85 75 100 55 44 39 61 43 103 6 32 46 98 60 51 41 40 33 55 72 95 63 75 93 42 27 90 63 67 37 102 49 55 75 40 8 58 29 
96 46 21 85 67 69 23 76 65 90 87 70 36 76 13 56 46 78 98 100 71 58 42 99 48 87 68 37 11 47 29 54 72 68 24 76 81 125 76 63 77 73 55 55 64 58 11 53 106 55 108 82 91 47 78 68 52 59 32 99 115 79 94 63 86 31 84 53 95 19 120 41 56 22 98 83 87 71 76 13 89 81 102 80 96 114 26 18 84 49 61 40 115 29 95 70 75 45 85 61 
66 19 12 57 39 38 34 58 54 65 79 39 11 52 19 25 23 47 67 80 66 55 34 80 29 63 55 27 24 16 10 27 50 43 17 45 51 96 46 41 58 68 39 25 34 39 26 26 80 28 82 53 81 44 48 61 24 29 7 72 86 69 71 54 79 34 55 25 64 24 93 17 25 26 80 53 56 40 46 18 58 57 80 52 67 86 21 13 70 42 47 17 89 29 66 55 44 19 54 30 
54 64 93 39 91 66 85 26 42 26 40 71 90 32 91 70 60 77 67 3 50 56 62 4 56 23 37 66 92 74 93 91 33 101 100 82 84 50 84 41 25 48 48 84 82 45 105 57 30 57 26 92 33 62 87 47 61 85 76 30 48 37 17 46 41 76 96 60 78 84 36 93 69 82 9 51 81 70 82 92 74 28 9 41 45 46 77 91 25 57 42 66 25 75 101 35 80 92 60 77 
31 74 104 35 81 59 108 56 74 32 82 61 94 47 107 70 74 61 41 43 88 90 86 47 74 38 69 87 109 77 99 87 52 90 108 67 66 7 69 60 54 86 72 81 73 67 118 66 16 64 18 74 76 92 71 83 68 79 88 22 9 76 34 79 83 100 77 67 53 103 8 95 69 102 52 40 60 60 67 107 53 42 36 40 25 8 96 103 65 85 70 80 19 98 77 67 66 92 43 71 
16 42 66 27 34 17 82 56 68 39 89 16 53 41 73 30 47 14 12 63 85 80 66 66 52 44 64 63 77 39 60 42 45 43 68 20 20 49 22 46 55 85 57 36 27 51 80 38 43 35 48 28 85 76 24 79 36 34 54 38 39 79 48 72 89 77 32 36 15 74 52 52 30 74 69 14 15 16 20 73 9 40 58 25 24 39 67 68 72 69 60 50 55 72 35 63 19 48 6 27 
74 25 24 61 59 51 15 50 39 64 63 54 32 50 16 39 21 63 79 73 48 36 16 72 21 61 42 10 16 32 29 48 46 64 31 63 69 101 64 36 51 50 28 45 52 31 30 30 81 33 82 72 66 25 66 44 31 49 16 74 92 54 68 38 62 13 75 31 79 8 94 38 39 8 72 61 72 54 64 17 72 55 75 56 73 90 1 19 58 24 34 16 89 7 85 43 61 41 65 48 
31 47 64 42 23 21 85 69 79 55 101 16 49 54 73 31 53 7 21 78 96 89 73 81 59 58 76 68 78 39 56 34 58 30 64 9 5 62 10 57 68 96 66 30 21 61 77 45 59 42 63 13 98 83 10 90 41 27 55 54 53 91 64 82 101 82 16 42 12 76 67 46 31 77 84 29 2 17 9 72 8 54 73 40 39 53 70 66 85 77 70 55 71 76 21 75 9 42 21 23 
23 69 98 31 73 52 105 57 75 32 85 54 88 46 102 63 70 53 32 47 89 90 84 51 72 38 69 84 105 72 94 80 51 82 102 59 58 10 61 59 55 88 71 73 66 65 112 62 19 60 22 65 79 91 62 84 63 72 83 22 0 78 36 80 86 98 68 62 44 100 17 88 63 99 56 33 51 53 59 102 44 41 40 36 19 2 92 98 68 84 70 76 26 95 68 67 58 85 35 64 
48 48 78 30 78 54 70 11 29 19 36 59 74 18 76 56 44 66 61 13 40 44 47 13 40 13 23 50 76 59 77 77 17 88 84 70 73 54 72 26 10 39 32 70 69 30 89 42 31 42 29 81 31 48 75 36 46 71 61 27 49 29 13 34 37 61 85 45 70 69 42 78 55 67 15 42 71 58 71 76 65 16 16 31 39 47 61 75 18 42 28 51 33 60 91 21 68 77 50 64 
63 28 49 45 69 51 35 23 12 44 38 55 51 29 44 44 21 64 72 47 26 18 13 46 14 39 14 17 43 41 51 62 24 77 56 67 72 83 69 17 25 27 5 56 60 11 58 27 60 30 61 78 39 16 71 21 31 59 34 54 75 28 44 13 37 26 81 31 77 35 73 57 43 33 44 51 72 55 67 45 70 35 50 42 59 73 29 45 30 9 7 25 66 26 90 16 65 58 58 54 
85 35 17 73 62 59 15 64 53 78 76 61 31 63 5 46 34 70 88 88 60 47 30 87 35 75 56 25 1 38 25 49 60 65 23 68 74 113 69 50 65 62 43 48 57 45 17 42 94 44 96 76 79 36 71 57 41 52 22 87 104 67 82 51 75 21 78 42 87 7 107 37 47 10 86 72 79 62 69 6 80 69 89 68 85 103 13 12 72 37 49 28 102 17 89 58 67 41 75 53 
37 74 104 35 86 62 105 51 69 29 74 66 96 44 106 72 73 67 49 34 81 85 83 38 72 33 63 85 108 79 101 91 49 96 109 73 73 17 75 58 49 79 69 84 78 64 118 66 13 65 12 81 67 87 77 77 69 83 88 20 19 69 28 74 75 97 84 68 61 102 2 97 71 101 43 43 67 65 73 106 60 38 27 40 29 17 94 103 57 81 66 79 9 95 85 61 71 95 48 75 
49 59 67 60 21 36 93 87 94 73 118 31 52 72 78 42 65 23 38 97 111 103 85 99 73 77 92 80 83 48 59 34 75 22 65 19 15 79 17 73 85 112 81 35 27 76 79 58 78 56 82 8 116 96 14 105 54 31 63 73 70 107 82 98 118 92 4 55 26 84 85 47 43 85 103 48 19 32 18 77 26 73 92 58 58 71 79 71 102 91 86 65 90 86 7 91 21 43 40 32 
88 39 16 77 62 62 19 69 58 82 81 64 31 68 5 49 38 72 91 93 65 52 35 92 40 79 61 30 4 40 25 49 64 64 21 70 76 117 70 55 70 67 48 49 58 50 13 45 98 48 100 77 84 41 72 62 45 53 25 91 108 72 86 56 80 25 79 45 89 12 112 37 49 15 91 75 80 64 71 6 82 73 94 72 89 107 18 12 77 42 54 32 107 22 90 63 69 40 78 55 
68 35 22 65 26 39 53 75 73 76 99 38 10 65 35 28 41 42 65 94 86 75 54 95 48 76 73 47 40 23 14 13 65 26 19 38 43 101 38 57 74 88 58 18 27 57 33 40 88 40 91 42 99 65 38 81 36 21 27 81 91 88 83 74 98 55 43 37 59 43 100 4 29 45 96 58 49 38 39 33 53 69 93 61 72 91 41 27 88 62 65 36 99 49 54 73 38 6 56 27 
18 33 60 17 37 13 72 45 56 30 77 16 48 29 65 24 36 21 22 53 73 68 55 56 41 34 52 52 69 33 54 41 34 47 63 26 28 50 28 34 43 73 45 35 28 39 74 27 38 25 42 36 74 64 31 67 27 33 46 32 39 67 39 60 77 67 40 26 27 65 49 49 23 65 59 6 25 15 26 65 21 29 49 15 21 39 58 60 60 58 48 41 50 62 46 51 24 46 8 25 
42 32 62 23 64 40 57 11 24 20 43 45 58 6 61 41 28 53 53 29 40 39 35 29 25 15 19 37 62 43 61 62 1 74 68 57 61 59 59 10 9 40 20 55 54 16 74 26 36 26 37 68 40 40 62 35 30 56 45 30 51 33 21 29 43 49 72 29 61 55 49 62 40 53 30 33 59 44 58 61 55 10 29 22 36 49 47 60 26 33 18 35 42 47 79 18 55 61 41 49 
81 31 15 70 58 55 17 61 51 75 75 57 28 60 4 42 30 66 84 85 60 47 28 84 32 72 54 23 5 34 22 45 57 61 21 64 70 109 65 47 62 62 40 44 53 42 18 38 91 40 92 72 78 36 67 56 37 48 18 83 100 66 78 50 74 21 74 38 83 7 104 34 42 10 83 68 75 57 65 5 76 66 86 65 81 99 11 9 70 36 47 24 99 16 85 56 63 37 71 49 
50 39 67 31 73 49 58 1 19 24 34 54 65 14 65 49 34 62 62 24 33 34 36 23 29 18 13 39 65 51 67 70 10 82 74 66 70 62 69 16 1 32 21 63 63 19 78 34 39 34 39 78 30 37 71 28 38 65 50 34 56 24 22 24 34 50 81 37 70 57 52 69 48 55 23 41 69 54 67 65 64 16 27 30 43 54 50 64 17 31 16 40 43 49 88 11 64 69 50 58 
85 37 34 70 72 64 5 53 39 72 59 67 45 57 23 52 33 76 91 77 43 30 18 75 30 68 43 17 19 45 40 61 52 77 41 76 82 110 77 43 55 45 33 59 66 37 35 42 88 45 89 86 64 19 80 41 43 62 30 82 101 52 74 36 58 4 88 43 92 12 102 51 52 9 74 72 85 67 77 24 85 62 80 66 83 100 14 28 58 23 37 29 95 7 99 45 75 54 77 61 
20 52 73 35 36 25 91 66 78 48 99 23 60 50 82 38 57 17 8 71 95 91 76 74 63 52 75 73 86 47 67 46 56 44 75 22 19 49 23 57 65 95 67 42 32 62 88 48 49 45 53 26 95 86 24 90 46 38 63 45 40 89 56 83 99 87 28 46 5 83 55 57 38 84 78 24 12 23 21 81 6 50 65 35 30 41 77 76 81 80 71 60 60 82 29 73 21 54 15 33 
61 38 62 43 76 55 48 13 5 37 27 60 63 25 57 52 32 69 72 35 21 21 26 33 25 32 1 31 56 51 64 71 19 85 69 72 77 76 74 18 15 21 14 65 67 16 71 35 53 36 52 83 27 25 77 16 39 67 46 48 69 17 35 10 27 39 87 38 79 48 65 68 51 46 31 51 76 60 73 58 73 29 39 41 55 68 42 58 17 19 7 37 56 39 95 3 70 68 59 61 
39 11 41 29 37 18 50 37 42 37 66 22 33 26 44 13 15 32 43 55 58 51 35 56 21 36 40 31 48 16 37 34 27 47 45 34 39 68 36 21 37 59 28 27 28 23 54 6 51 3 54 45 65 45 39 52 5 29 25 44 58 56 44 45 66 45 48 4 45 43 64 35 12 43 58 26 40 22 35 44 38 30 53 24 39 57 36 40 52 39 33 19 61 40 57 39 32 34 30 22 
21 38 68 2 54 29 72 30 45 12 63 33 60 15 71 36 38 39 33 35 62 60 52 38 39 16 41 51 73 43 64 56 21 64 73 44 46 42 46 26 29 61 39 49 45 33 82 30 24 28 27 54 58 59 49 56 32 49 52 17 33 53 21 50 63 65 58 31 42 67 37 61 35 67 42 14 43 32 44 71 37 13 31 4 15 31 60 67 45 52 39 44 34 62 63 39 42 59 22 41 
74 28 4 66 43 46 33 66 60 73 85 47 12 60 15 32 31 54 74 88 71 59 38 88 36 72 61 31 20 24 6 30 58 45 9 51 57 105 52 49 66 72 46 30 40 46 18 35 88 36 91 58 87 48 53 66 32 34 14 81 95 75 79 59 84 35 60 33 71 23 101 18 33 25 88 62 62 47 52 13 65 65 88 61 76 94 22 7 77 46 53 24 98 30 71 62 51 21 62 37 
57 13 36 42 54 38 33 32 27 45 53 42 36 30 34 30 6 52 63 55 41 32 14 54 2 41 27 12 35 26 37 46 26 62 43 53 59 81 55 17 32 42 12 41 45 12 47 14 61 17 62 64 54 25 58 36 17 44 20 54 72 42 48 28 52 26 67 17 66 28 74 42 29 27 54 44 60 42 54 34 59 35 56 37 54 71 21 33 43 19 19 10 69 22 77 28 51 42 49 40 
40 68 99 32 86 61 97 40 58 22 62 65 92 36 100 69 66 68 53 22 69 74 74 26 65 25 53 76 101 75 96 89 40 96 104 74 75 28 76 50 39 68 60 82 77 55 112 61 12 60 7 83 55 77 79 65 64 82 82 17 28 57 18 63 63 89 86 63 65 94 14 94 68 93 31 43 70 64 74 100 63 31 15 37 31 26 87 97 46 71 56 73 3 87 89 51 72 92 49 74 
19 32 61 10 44 19 69 36 49 22 69 23 51 21 65 27 34 29 28 45 66 62 50 47 37 25 45 49 68 35 57 47 26 54 65 34 37 47 36 27 35 65 39 40 35 33 75 25 33 22 36 45 65 59 39 60 26 39 45 26 38 59 31 53 69 63 48 25 35 63 45 52 26 63 51 7 34 22 35 65 29 21 41 6 18 37 55 61 52 52 41 39 44 59 54 43 32 50 15 31 
82 33 7 72 53 55 25 68 59 78 83 56 22 64 6 41 34 63 83 91 68 56 36 90 38 76 61 30 11 32 15 40 62 55 13 61 67 112 62 52 68 70 47 40 50 48 11 40 94 42 96 68 86 44 63 64 39 44 19 87 102 74 83 58 82 30 70 40 81 16 107 27 42 19 90 69 72 56 62 4 74 70 92 67 83 101 19 4 78 44 54 28 103 25 81 63 60 31 71 47 
57 55 59 65 15 38 87 88 93 78 118 33 44 74 70 40 62 27 47 101 110 101 81 103 70 81 92 75 76 43 50 26 77 11 56 22 21 88 19 73 87 110 79 29 24 75 70 57 84 55 88 13 116 93 17 104 52 25 57 79 79 107 87 96 118 86 11 53 36 77 93 38 40 79 106 53 27 34 21 69 34 76 97 62 65 80 73 63 103 88 85 61 96 81 19 91 24 35 46 30 
68 19 27 54 56 46 21 43 34 57 59 49 32 42 22 35 15 59 73 67 45 33 12 66 14 54 36 5 22 28 30 46 39 62 35 59 65 94 60 29 44 46 22 43 49 24 36 24 74 27 75 69 61 23 63 41 25 46 15 67 85 49 61 34 58 16 72 25 74 16 87 38 35 14 65 55 67 49 60 23 67 48 68 49 66 84 8 23 52 20 28 11 81 11 82 37 57 40 59 44 
54 59 64 64 19 38 92 89 95 77 120 33 49 74 76 42 65 26 43 100 112 104 85 102 73 80 93 79 81 47 56 31 77 17 62 21 19 85 19 74 88 113 82 33 27 77 76 59 82 57 86 10 118 96 16 106 55 29 62 77 75 109 86 98 120 91 7 55 32 82 90 44 43 84 106 52 24 34 21 75 31 76 96 61 63 76 77 69 104 91 87 65 94 85 12 93 23 40 44 32 
36 20 42 33 25 8 59 50 55 44 80 10 30 36 49 6 27 19 36 65 72 64 46 66 34 45 53 42 53 15 36 24 38 34 45 21 26 68 22 34 49 72 41 17 15 37 56 19 55 16 59 32 78 57 25 66 15 17 30 49 58 69 52 58 80 55 35 16 35 50 67 30 5 51 69 25 28 10 21 48 28 39 62 28 39 58 44 43 65 51 47 28 67 50 44 53 19 27 24 9 
70 27 10 64 36 41 40 67 63 72 89 41 5 60 22 28 32 48 69 88 75 64 42 89 38 71 64 36 27 20 2 23 59 38 11 45 51 102 45 50 67 77 49 24 34 48 23 34 86 35 89 51 90 53 47 71 31 28 16 79 92 78 78 63 88 42 53 32 65 30 99 10 29 32 89 58 56 42 46 21 59 65 88 59 73 91 28 15 79 51 56 26 97 36 64 64 45 14 58 31 
26 34 65 7 55 30 68 26 40 12 58 34 58 10 67 35 34 41 37 34 57 55 47 36 34 14 36 47 69 41 62 56 16 65 70 46 48 46 48 22 24 56 34 49 46 28 79 27 26 26 29 56 54 54 51 51 30 49 49 19 37 49 20 45 59 61 60 29 45 63 40 60 34 62 39 17 46 34 46 67 40 9 30 6 20 36 56 64 41 47 34 40 36 58 66 34 43 58 25 41 
25 33 55 29 26 6 72 54 63 41 86 6 42 39 63 19 38 10 23 64 80 74 58 67 44 44 60 54 67 28 49 32 42 36 57 15 18 58 17 41 52 80 51 26 18 45 69 30 49 27 53 26 83 68 20 74 27 24 43 43 48 75 50 67 86 68 29 27 22 64 59 41 19 64 70 17 17 5 15 62 15 40 60 26 31 48 57 57 69 62 55 41 61 63 36 59 13 38 13 16 
43 8 35 34 35 19 47 41 44 42 69 23 27 31 40 10 14 32 46 60 60 52 34 61 21 42 43 29 43 11 32 30 31 43 40 33 39 73 35 25 41 61 30 23 25 26 49 7 56 6 59 44 68 45 38 54 3 25 20 49 63 59 49 47 69 43 47 4 47 40 69 30 9 40 62 30 41 22 34 40 40 36 59 29 44 62 33 35 56 39 36 16 67 38 57 43 31 29 33 20 
84 43 50 67 82 68 23 43 25 65 42 72 58 51 40 59 36 82 92 65 25 13 16 63 30 60 31 22 37 54 55 73 45 89 57 83 89 104 85 38 44 27 26 69 74 32 53 44 82 47 81 94 47 6 87 24 47 72 41 76 97 35 65 21 41 16 97 47 96 29 94 64 59 26 60 72 91 72 84 41 89 56 69 63 80 95 27 45 44 13 27 36 86 20 107 33 81 66 78 69 
53 34 61 34 70 48 50 8 13 30 34 53 59 17 57 46 28 62 64 32 29 28 28 31 22 24 9 31 57 46 61 66 11 79 67 65 69 69 67 12 9 29 13 60 60 12 71 29 46 30 46 76 32 30 70 24 34 61 44 40 62 23 29 18 34 42 80 33 71 50 59 64 45 48 30 43 69 52 66 58 65 21 35 32 47 60 43 57 20 24 9 34 50 41 88 7 63 64 51 55 
38 16 40 32 28 11 55 46 51 42 76 14 29 34 46 5 22 24 39 62 67 60 42 64 29 43 49 38 50 13 35 26 35 38 43 25 30 69 27 30 45 68 37 19 19 33 54 14 55 12 58 36 74 53 30 62 11 20 27 48 59 65 50 54 75 51 39 11 39 47 67 30 4 47 66 25 33 14 26 46 32 37 60 27 40 58 40 41 61 47 42 24 66 46 49 49 23 28 26 13 
66 27 44 49 67 51 29 29 17 49 42 56 48 34 38 43 20 65 74 53 29 18 7 52 13 44 20 12 37 40 47 60 29 75 52 67 72 87 68 21 30 30 9 54 59 15 52 27 65 30 66 78 44 12 71 24 31 57 30 59 79 32 50 16 41 21 81 30 78 29 79 54 43 27 50 54 73 55 68 39 71 39 56 46 62 78 23 40 36 5 13 22 71 20 90 22 65 55 60 53 
42 74 104 37 89 65 103 47 65 28 68 68 97 43 106 74 72 71 54 28 76 81 81 32 71 31 59 83 107 80 102 93 47 99 110 77 77 24 79 56 45 74 66 86 81 62 118 66 14 65 11 85 61 84 81 72 69 86 88 21 26 64 25 70 69 95 89 68 66 100 9 99 73 99 37 46 72 67 77 106 65 37 22 41 33 24 93 103 52 78 63 79 4 93 90 57 75 96 52 77 
88 71 92 69 110 88 69 38 32 60 6 93 95 54 84 85 64 101 100 43 21 34 53 39 57 54 32 59 82 84 95 104 49 118 99 105 109 93 107 51 39 19 47 98 100 49 98 68 70 70 68 116 10 45 110 24 72 100 78 68 89 17 53 31 6 61 120 72 109 74 79 100 84 71 34 80 108 92 105 85 103 55 50 69 80 87 70 87 23 45 40 69 68 64 127 33 103 101 89 94 
65 33 25 63 23 36 55 73 72 73 98 34 11 63 37 26 40 38 62 92 86 75 54 93 47 73 72 48 42 21 16 10 63 23 22 34 39 98 34 56 73 87 57 14 23 55 36 38 85 38 89 38 98 65 35 81 34 17 28 78 87 87 81 73 98 56 40 35 55 44 97 4 27 47 94 55 46 35 35 35 50 67 90 58 69 87 42 29 87 62 64 35 97 50 50 72 34 3 52 24 
74 42 59 56 82 64 37 28 10 52 28 69 63 39 51 57 35 78 84 49 13 6 20 47 27 46 15 26 49 55 62 75 33 90 66 80 85 91 82 29 30 15 18 69 73 24 65 41 68 43 67 91 32 13 85 9 45 72 46 62 84 20 50 5 27 29 95 44 90 41 80 69 57 38 44 63 86 68 81 52 83 43 54 53 69 82 36 54 27 11 15 37 71 31 104 17 78 70 71 67 
80 33 35 65 70 60 11 48 34 66 55 64 44 51 25 49 28 73 86 71 39 26 12 70 24 62 38 12 22 42 40 60 46 76 42 73 79 104 74 38 49 41 27 56 63 32 38 37 83 40 84 83 59 15 77 36 39 60 28 76 96 47 68 31 54 2 86 39 88 14 96 50 49 11 68 67 82 63 74 26 81 57 74 61 78 94 13 30 53 17 31 25 89 5 96 39 72 53 72 58 
9 58 84 28 52 35 97 60 75 37 92 35 72 45 90 48 61 33 10 59 91 89 79 62 65 43 71 77 94 57 78 61 51 61 87 38 36 31 40 55 58 91 67 55 47 61 98 52 33 49 38 44 87 87 41 86 52 53 71 31 22 83 45 80 92 91 46 51 22 90 38 71 47 90 67 21 30 35 38 90 23 42 52 30 17 23 83 85 74 80 68 66 44 87 46 69 37 67 18 46 
33 51 82 18 72 47 81 27 45 6 54 51 76 20 83 54 50 56 46 19 58 60 59 23 48 9 39 60 85 59 80 74 24 82 88 62 64 36 64 33 25 57 44 67 63 39 95 44 13 43 13 72 48 63 66 53 47 67 65 9 31 47 5 50 55 73 75 46 57 78 26 78 53 76 27 31 60 50 62 83 53 14 13 22 23 29 70 81 36 56 41 56 19 71 80 37 60 76 38 59 
51 39 67 32 73 50 58 1 18 25 33 55 65 15 64 49 34 63 63 25 32 34 35 24 29 19 12 38 64 51 67 70 11 83 74 67 71 63 69 16 2 31 21 64 64 18 78 34 40 34 40 78 30 37 72 27 38 65 50 35 57 23 23 23 33 49 82 37 70 57 53 69 48 55 23 42 69 54 68 65 65 17 28 31 44 55 50 64 16 30 16 40 44 48 89 10 65 69 50 58 
74 47 67 55 87 67 47 24 9 49 19 72 70 38 60 62 40 81 85 43 9 13 28 40 33 43 12 35 58 60 70 81 32 95 74 84 89 87 86 31 26 9 23 75 78 27 74 45 64 47 63 95 22 22 89 3 50 77 53 59 81 10 46 6 18 38 99 49 91 50 75 76 62 47 36 64 89 71 85 61 85 41 48 53 68 79 45 63 19 20 17 44 66 40 107 14 82 77 72 72 
37 50 81 21 74 49 78 22 40 8 49 53 75 18 81 54 48 59 50 15 53 56 55 18 46 6 35 57 82 59 79 75 21 84 87 64 66 41 66 31 20 52 40 68 65 36 94 43 18 42 17 74 43 59 69 49 47 68 64 15 36 42 1 45 50 70 78 46 61 75 30 78 53 74 23 34 63 52 65 81 57 13 11 24 28 34 68 79 31 52 37 55 22 68 83 33 62 77 42 60 
65 35 56 47 75 56 40 20 5 43 31 60 59 30 50 50 28 70 75 43 20 15 18 41 21 38 9 24 49 48 58 69 24 83 63 72 77 82 74 20 22 21 11 63 66 15 64 33 59 35 59 83 32 17 77 14 37 65 41 54 75 20 42 6 30 31 87 37 81 41 72 64 49 39 39 54 77 60 73 51 74 35 47 44 60 74 35 52 24 12 6 32 64 32 96 11 70 65 62 60 
31 58 76 46 34 31 97 76 88 58 109 28 61 61 85 43 64 19 18 82 105 99 84 85 70 63 84 80 90 51 69 46 65 40 76 22 16 58 21 66 75 105 76 43 33 70 90 55 59 52 64 20 105 94 21 99 53 39 67 55 49 99 67 92 109 93 21 53 6 88 65 58 43 89 89 34 10 28 21 85 11 60 76 45 40 50 82 79 92 88 80 66 71 88 19 83 22 54 25 36 
50 64 94 36 89 64 87 28 45 23 45 69 89 31 93 69 60 74 64 5 54 60 64 9 57 21 40 67 93 73 93 90 33 99 100 79 81 45 82 42 27 52 50 83 80 47 106 57 25 57 21 90 38 65 84 51 61 83 77 25 43 41 14 49 46 78 93 60 75 86 31 93 68 84 14 48 77 68 80 93 71 27 4 39 41 41 78 92 30 59 45 67 20 77 97 38 77 91 56 75 
7 54 80 26 48 31 93 58 73 36 90 31 67 43 86 44 57 29 7 59 89 87 75 62 61 42 68 73 90 53 74 57 49 57 82 35 33 35 36 52 56 89 64 51 42 58 94 49 34 46 39 40 86 84 37 84 48 49 67 31 25 81 45 77 91 87 43 47 19 86 40 66 43 86 67 18 26 30 34 86 19 41 52 28 16 26 79 81 72 77 66 62 46 83 44 67 33 63 14 42 
58 9 29 45 48 36 31 39 35 50 61 39 28 36 28 25 6 49 63 62 49 38 18 62 10 47 36 13 30 20 29 40 33 55 35 49 55 85 51 23 40 50 20 35 40 20 40 14 66 17 67 60 62 29 53 43 15 38 12 59 76 50 54 36 60 26 63 15 64 24 79 34 25 24 62 45 58 39 50 28 57 41 63 40 57 75 17 26 51 25 27 2 74 21 73 36 48 35 49 35 
82 35 4 73 49 54 32 72 64 81 89 54 18 67 12 40 37 61 82 94 74 61 41 94 42 79 66 35 17 31 11 36 65 50 6 58 64 112 59 56 72 76 51 37 47 52 10 42 96 44 98 64 91 50 60 70 40 41 21 88 103 79 86 63 88 36 66 41 79 22 109 23 41 26 94 69 70 55 59 11 72 72 95 68 83 102 25 7 82 50 58 31 105 31 77 67 58 27 70 44 
21 30 57 18 36 11 69 43 54 31 75 15 46 28 62 21 33 21 25 53 71 66 52 56 38 33 50 49 66 30 52 39 32 46 60 26 29 52 28 32 42 71 42 33 27 37 71 24 40 21 43 37 72 62 31 65 23 32 43 33 42 65 39 58 75 64 40 23 29 62 51 46 21 62 59 9 27 14 26 62 23 29 49 15 23 42 54 57 59 55 46 38 51 59 47 49 24 43 11 24 
51 45 50 57 4 28 77 78 83 69 108 24 35 64 61 29 52 20 43 91 99 90 71 94 60 72 81 65 67 33 42 17 67 9 48 14 17 84 13 62 77 100 69 18 14 65 62 46 77 44 81 13 106 82 12 93 42 15 47 71 73 97 78 86 108 76 13 42 34 67 87 30 30 69 96 45 24 25 15 60 30 66 88 53 58 74 63 54 93 77 74 51 89 70 24 81 16 26 39 19 
59 10 29 45 50 37 30 39 34 50 59 41 30 35 28 27 6 50 64 61 47 37 17 61 9 47 34 11 30 21 30 41 32 57 36 51 56 85 52 23 39 48 19 36 42 19 41 15 66 17 67 61 60 28 55 42 16 39 13 59 76 49 54 34 59 25 64 16 65 24 79 35 26 23 61 46 59 40 52 28 58 41 62 40 57 75 16 27 50 23 26 4 74 20 74 35 49 36 50 36 
16 61 91 24 66 44 98 52 69 27 82 46 80 39 95 56 63 46 26 45 84 84 77 49 64 33 64 77 98 64 86 72 45 75 94 52 51 18 54 52 50 83 64 66 58 58 105 55 18 52 22 59 76 84 56 79 55 64 75 18 8 74 33 74 82 91 62 55 38 92 21 80 55 92 54 26 45 45 52 95 38 35 38 28 11 8 85 91 64 77 64 69 28 88 63 62 50 77 28 56 
25 57 77 41 37 30 96 72 84 53 105 27 63 56 86 43 62 20 12 76 101 96 82 80 68 58 80 78 90 51 70 48 61 44 78 24 19 52 24 62 70 101 73 44 34 67 91 53 53 50 58 25 101 92 24 95 51 41 67 50 43 95 62 88 105 92 27 51 2 88 59 60 42 88 84 29 12 27 23 85 9 55 70 41 34 44 81 79 87 85 76 65 65 87 25 79 23 56 21 36 
58 22 45 41 62 44 35 24 17 41 43 49 46 26 41 38 15 58 66 48 33 25 13 47 8 37 18 15 41 35 46 55 21 70 52 60 65 80 62 13 25 33 3 50 53 7 55 21 58 23 59 71 44 20 65 27 25 52 29 51 72 33 43 19 43 27 75 24 71 34 71 51 37 32 46 46 66 48 61 42 64 32 50 37 54 70 26 41 34 13 10 20 64 25 84 19 58 52 52 48 
0 43 44 8 47 2 45 52 69 13 2 59 20 72 77 51 50 39 32 72 19 5 60 53 88 30 63 15 24 83 24 17 52 25 2 94 7 84 21 29 6 30 21 42 25 91 47 49 82 18 33 7 74 48 88 31 41 31 32 35 50 38 37 38 8 31 60 81 67 54 28 89 50 1 37 92 95 71 85 60 43 81 90 99 16 9 39 24 45 93 75 97 46 69 6 14 76 17 26 29 