100 100 5
66 85 23 66 14 25 52 9 98 12 48 83 67 19 50 33 44 40 47 69 23 21 80 63 56 89 76 60 57 105 87 78 82 90 35 104 65 26 47 79 76 73 73 87 112 29 30 47 74 60 60 14 19 61 91 32 56 12 56 19 29 78 79 83 76 83 73 13 46 88 32 62 43 47 80 66 107 64 79 64 83 74 35 36 30 14 109 81 50 70 98 27 16 56 72 46 79 26 29 73 
42 107 86 20 86 63 34 91 60 74 100 76 90 68 79 57 106 74 48 38 82 65 116 24 35 54 34 71 44 73 71 18 70 28 51 94 97 99 96 11 34 100 15 12 92 86 103 107 115 84 98 84 95 29 43 58 91 92 34 91 58 104 130 107 46 38 91 92 41 78 55 64 93 79 25 107 80 26 129 84 110 87 91 55 100 91 91 86 108 62 62 63 93 81 81 89 106 61 96 71 
64 1 61 92 97 73 87 78 64 83 38 35 19 88 36 96 48 47 66 68 60 81 15 92 77 61 74 37 65 59 43 88 41 86 87 38 19 64 38 108 74 11 103 97 50 54 63 45 22 27 24 70 69 80 74 70 28 95 77 66 77 6 37 2 62 72 15 96 81 37 75 43 41 39 83 22 55 82 36 25 6 19 50 97 61 98 46 22 43 44 62 70 70 31 25 38 5 76 58 36 
48 58 90 73 116 84 77 105 16 99 81 27 55 100 62 100 92 69 64 47 87 93 73 75 64 23 46 48 55 3 20 60 25 48 89 24 64 100 79 84 46 60 81 64 17 85 101 90 78 56 69 95 102 64 33 78 66 118 65 97 84 60 94 60 37 39 50 119 75 23 81 45 79 65 52 74 4 64 93 52 64 46 84 99 98 119 18 38 90 37 14 81 101 58 42 73 61 86 93 35 
10 56 49 38 71 38 35 63 36 54 53 29 38 54 30 54 61 30 18 14 46 47 64 38 23 27 21 19 11 44 30 34 25 37 43 52 46 61 49 53 21 49 49 44 56 46 64 61 64 33 48 52 61 26 31 32 41 73 24 56 38 52 80 56 15 24 40 74 31 34 35 12 47 31 30 56 48 28 79 32 59 36 48 54 61 74 53 37 62 13 36 36 59 31 30 41 54 40 56 21 
69 28 41 92 77 61 82 56 81 66 15 52 24 73 30 84 22 37 62 73 42 67 18 90 75 75 80 40 65 79 60 92 57 95 77 63 15 40 17 108 80 20 102 102 75 35 38 19 10 27 11 50 47 80 86 60 18 74 76 45 66 22 21 26 71 81 29 75 75 56 65 48 21 31 89 5 77 83 21 29 23 33 29 85 36 77 71 41 16 53 79 58 48 28 37 22 22 64 35 48 
73 21 51 98 88 70 89 66 80 76 25 51 25 82 36 93 32 45 69 77 52 77 8 96 81 76 84 44 70 77 59 97 57 98 85 58 17 51 27 114 84 17 109 107 70 45 48 29 1 30 17 60 57 86 87 68 24 85 82 55 74 17 18 19 74 84 28 86 82 54 73 51 31 38 93 8 74 88 17 31 15 32 39 94 47 87 66 39 26 55 79 67 58 33 38 31 16 73 45 49 
56 94 38 48 20 20 34 32 91 13 63 82 74 5 57 10 62 45 38 58 36 11 93 43 42 81 64 61 47 100 85 62 80 76 16 105 75 46 61 57 64 82 52 69 111 43 51 65 88 66 72 30 40 46 80 25 66 26 42 38 18 87 97 92 67 72 80 26 30 88 21 60 57 53 65 79 104 48 96 70 93 79 49 12 50 25 108 84 68 67 91 23 37 62 75 57 89 17 47 72 
23 43 46 50 73 42 46 61 39 56 43 21 25 58 20 61 52 25 26 27 42 51 51 50 35 31 33 7 23 43 25 47 20 48 51 44 33 56 39 66 33 36 61 57 50 41 58 51 51 20 36 51 57 38 39 36 30 74 36 52 43 39 67 43 24 34 27 75 41 27 40 1 38 22 42 44 45 40 67 19 46 23 41 62 55 76 47 25 52 8 38 39 56 19 17 32 41 44 50 11 
35 43 28 56 59 31 47 44 57 43 27 36 23 47 6 54 35 7 27 39 25 40 46 54 40 49 47 14 30 61 42 58 37 63 45 57 26 38 23 72 47 32 67 68 66 22 40 35 43 15 26 34 39 45 56 28 18 59 40 34 35 37 57 42 40 50 29 60 40 42 33 18 21 5 55 34 62 47 56 19 43 28 23 55 37 61 62 34 36 27 57 28 39 11 25 16 39 34 32 27 
20 78 76 32 90 59 40 87 26 74 81 44 64 72 58 67 89 58 38 16 72 66 89 35 30 20 8 46 28 39 38 17 37 9 57 60 72 88 77 41 8 73 40 23 58 73 91 89 90 59 75 77 87 27 10 53 68 94 31 82 57 76 106 79 15 5 63 95 42 45 53 38 75 59 10 83 46 25 105 57 82 59 76 66 88 94 57 56 90 33 28 57 85 58 52 70 78 59 83 41 
30 41 63 59 91 59 59 78 25 74 55 6 31 75 34 77 65 42 41 32 60 68 53 60 46 21 35 21 35 26 7 51 2 46 67 28 40 72 52 74 35 38 70 59 33 57 74 64 56 30 44 68 74 48 33 53 40 92 47 69 60 40 73 42 24 32 28 93 55 10 57 18 52 37 45 51 27 49 72 26 46 23 57 77 71 93 30 18 64 11 24 56 73 31 18 46 42 61 66 8 
55 74 14 59 24 16 45 13 86 11 40 71 56 19 39 32 38 28 36 58 13 16 71 55 47 77 66 48 46 93 75 69 70 80 30 92 55 23 38 73 66 62 67 79 100 20 28 41 65 48 51 6 17 52 80 22 46 24 47 14 21 67 73 73 65 72 62 25 38 76 24 50 34 35 70 57 95 55 73 53 73 62 26 34 26 26 97 69 44 58 86 17 14 44 60 36 69 18 23 61 
73 33 41 96 77 63 86 55 86 67 16 58 30 74 34 85 20 40 66 78 43 69 21 94 79 81 85 46 70 85 66 97 63 100 79 69 21 39 19 112 85 25 106 107 81 36 35 16 13 32 17 50 45 84 91 63 23 73 80 44 68 28 18 31 76 87 35 74 78 62 68 53 23 35 94 11 83 87 17 35 28 39 30 87 35 76 76 47 14 59 85 60 47 33 43 25 28 66 34 54 
15 52 45 41 68 36 37 59 39 51 47 28 34 52 25 54 56 25 18 19 41 45 59 41 26 31 27 14 14 46 30 39 26 42 43 51 41 56 44 57 27 44 52 49 57 41 59 55 59 28 43 48 57 29 36 30 36 70 27 51 37 48 75 52 20 30 36 71 32 34 33 8 41 25 35 51 50 31 74 27 55 33 43 54 56 71 54 34 56 13 39 33 55 26 27 36 50 38 51 19 
46 45 81 74 110 78 76 97 24 93 70 17 43 94 51 96 80 60 60 48 78 87 59 76 63 27 48 39 53 15 13 63 17 54 85 13 51 89 67 87 48 47 84 69 14 75 90 79 64 45 57 87 92 64 39 72 54 111 64 87 79 46 81 46 37 42 37 112 73 11 76 38 68 55 56 61 11 65 80 40 50 33 74 96 88 112 11 25 78 30 22 75 92 47 31 62 48 80 83 26 
46 79 27 45 27 6 31 27 79 10 51 69 60 10 42 19 51 31 27 48 24 3 79 41 35 70 55 47 37 88 72 56 67 69 15 91 61 38 48 58 55 68 52 65 98 31 42 53 74 52 58 21 32 39 71 12 52 31 34 29 7 73 84 78 57 62 66 31 24 74 10 47 44 39 58 66 91 42 84 56 79 65 37 21 40 31 95 70 56 54 80 9 30 48 61 43 75 4 37 59 
45 49 15 61 49 27 50 32 70 35 21 49 31 40 15 50 26 7 32 49 13 34 48 59 45 62 57 27 38 74 55 66 50 73 43 69 30 25 17 77 57 38 72 76 78 9 27 26 43 24 27 22 26 51 68 26 21 48 46 22 32 43 54 48 52 61 38 49 43 55 31 31 14 11 64 35 75 54 54 29 48 38 11 51 24 50 75 45 28 40 69 24 26 20 37 12 45 30 19 40 
61 81 20 63 17 21 49 10 94 9 46 78 63 17 47 31 43 36 43 65 20 18 78 59 52 85 72 56 52 100 83 74 78 86 32 100 62 25 44 75 72 70 70 83 108 26 30 46 71 56 57 11 18 57 87 28 53 16 52 17 25 75 78 80 72 78 70 17 42 84 28 57 40 43 76 64 103 60 78 61 80 70 32 33 29 18 105 77 49 66 94 23 16 52 68 43 76 22 27 69 
42 60 87 67 112 80 72 102 10 95 81 27 55 95 60 95 91 66 59 42 84 88 74 69 59 17 40 46 50 3 19 54 23 42 84 28 64 97 78 78 40 61 76 58 23 82 99 90 79 55 69 92 99 59 27 74 65 115 60 94 80 61 96 62 31 33 50 115 70 24 76 42 77 63 47 74 10 58 95 51 66 46 82 94 96 116 23 39 89 34 8 77 98 57 42 71 63 81 91 34 
50 87 34 44 24 13 30 31 84 11 58 76 68 5 50 12 58 39 32 52 31 5 87 40 37 75 59 55 41 93 78 57 73 71 12 98 69 43 56 55 59 76 50 65 105 38 48 60 82 60 66 27 37 41 74 18 60 29 36 35 11 81 92 86 61 66 73 29 25 81 15 54 51 47 60 74 97 43 91 63 87 72 45 14 46 28 102 77 63 60 85 16 35 56 69 51 83 11 44 66 
50 89 36 43 24 15 29 32 85 13 60 77 69 6 52 9 60 41 33 52 34 7 89 39 37 76 59 56 42 94 79 57 75 71 11 100 71 45 58 54 59 78 49 65 106 40 50 63 84 62 68 29 40 40 75 20 62 30 36 37 13 83 94 88 62 66 75 30 25 82 16 55 54 49 60 76 98 43 94 65 89 74 47 11 49 29 103 79 65 62 86 18 37 57 70 53 85 12 46 67 
69 17 51 95 87 68 87 66 76 75 25 47 21 81 33 91 33 42 66 74 51 75 7 93 78 72 80 40 67 73 55 93 53 94 83 54 14 51 26 111 80 13 106 103 66 44 49 30 5 27 14 60 57 83 83 66 21 85 79 55 73 13 22 15 70 80 23 86 80 50 71 47 30 35 89 7 70 85 21 28 12 28 39 92 47 87 62 35 28 52 75 65 59 30 34 29 12 71 46 45 
37 29 48 65 80 51 60 64 44 64 36 18 13 67 18 72 47 28 39 41 45 60 37 64 49 39 47 10 37 45 25 61 21 60 63 37 22 56 34 81 47 22 76 70 46 41 56 45 39 11 25 54 59 53 50 46 21 80 50 54 54 25 55 29 36 46 13 81 54 23 51 15 34 21 56 32 44 55 55 7 32 9 40 73 54 82 42 13 45 18 43 48 58 13 4 28 27 53 49 11 
72 14 56 98 93 73 90 72 76 80 31 47 23 86 37 96 39 47 69 76 56 80 2 97 81 73 82 43 70 72 55 96 53 96 88 52 17 56 32 114 82 13 109 105 64 49 54 36 8 30 19 65 63 86 84 71 25 90 82 60 77 12 23 12 72 82 24 91 84 49 76 50 36 39 91 13 69 88 22 30 8 28 44 97 53 93 60 34 33 53 74 70 64 33 34 34 10 76 51 46 
64 86 25 63 12 23 49 13 97 9 51 83 68 15 51 29 48 40 45 67 25 18 83 59 54 88 74 60 55 104 87 75 82 88 32 105 67 29 49 75 74 75 69 84 112 32 34 50 76 61 63 16 22 58 89 30 58 12 54 22 26 80 83 85 75 81 75 13 43 88 30 62 46 48 77 69 107 61 82 65 85 75 37 31 33 13 109 82 53 70 97 25 20 57 73 48 81 24 32 73 
25 42 55 54 83 51 52 71 30 66 50 12 28 67 28 70 60 34 34 28 52 60 53 54 40 24 32 14 28 33 15 47 10 45 59 35 37 65 47 69 32 37 65 56 41 50 67 59 54 25 41 61 67 42 34 45 36 84 41 62 52 40 71 43 21 31 27 85 48 17 49 11 46 31 42 48 35 44 70 22 46 23 50 70 64 86 38 21 59 4 29 48 66 26 16 40 42 53 59 5 
11 55 51 39 73 40 37 64 34 56 53 27 38 56 30 56 61 31 20 15 47 49 63 39 25 25 22 18 13 42 27 35 23 37 46 49 45 62 49 55 22 48 50 45 54 47 65 61 63 32 47 54 62 27 30 34 41 75 26 57 40 51 79 55 14 24 39 76 34 32 37 11 47 31 30 56 46 29 78 31 58 35 49 56 62 76 51 35 62 11 34 38 61 31 29 42 53 42 57 19 
38 48 21 56 52 26 46 37 63 36 25 43 29 41 11 49 32 0 26 42 18 34 49 54 40 55 50 21 32 68 49 59 44 66 41 64 30 32 22 72 50 37 66 70 73 16 34 32 45 21 28 27 33 45 61 24 21 52 40 28 30 42 58 47 45 54 35 53 38 49 29 24 19 8 58 36 69 48 57 25 48 34 18 50 31 54 69 41 34 33 63 23 32 17 32 15 44 29 26 34 
44 33 70 73 101 70 72 86 32 84 57 8 30 86 40 90 68 49 54 46 67 79 47 74 60 31 49 29 48 27 12 65 13 59 79 15 38 78 55 87 49 34 84 72 24 64 78 66 51 33 44 76 81 62 44 65 41 101 61 76 72 34 68 34 37 45 24 102 68 5 69 30 55 43 58 48 24 63 67 28 38 20 62 90 76 103 20 12 65 24 30 67 80 36 18 50 35 72 71 17 
42 53 83 68 110 78 72 99 14 93 75 21 49 93 55 94 86 62 58 42 80 86 68 70 59 19 41 42 49 6 14 56 18 46 83 22 58 93 72 80 41 55 78 61 19 78 94 84 72 50 63 89 95 59 31 71 60 112 60 90 78 55 89 55 32 35 44 112 70 17 75 38 72 58 49 68 8 59 88 45 59 40 77 93 91 113 18 32 84 30 12 75 94 52 36 66 56 79 87 29 
48 113 91 25 89 67 38 96 65 77 105 81 96 72 85 60 111 80 54 44 87 69 121 28 40 60 40 76 50 78 77 24 75 33 55 99 103 103 102 12 40 106 17 17 97 91 108 112 121 89 104 89 100 35 48 63 97 95 39 95 62 110 136 113 51 44 97 95 45 84 60 70 98 84 30 113 85 32 135 89 116 93 96 58 105 94 97 92 114 68 67 67 97 87 87 94 112 65 101 76 
44 91 44 32 35 19 19 43 79 24 66 74 71 17 54 8 68 44 28 45 41 16 93 28 28 70 51 56 36 89 76 47 71 61 3 97 74 54 63 43 51 80 37 54 102 47 59 70 89 63 72 38 49 31 67 20 65 41 28 46 14 85 100 90 55 58 76 41 16 79 15 53 59 52 51 80 93 34 99 66 92 74 53 8 57 40 99 78 72 58 80 22 46 59 70 58 87 16 54 65 
51 39 23 71 59 39 61 40 70 46 11 46 22 52 12 62 20 15 41 55 23 46 36 69 54 63 63 26 45 72 53 73 48 78 55 63 19 28 8 87 63 27 81 84 73 17 29 19 31 17 15 32 33 60 71 38 10 58 55 29 44 32 43 37 56 66 29 59 53 51 43 32 6 11 71 22 72 62 42 22 37 31 13 64 26 60 69 39 20 40 69 36 33 15 31 0 34 42 22 38 
23 83 78 29 90 60 39 88 31 74 84 49 68 72 62 66 92 61 39 18 74 66 93 33 30 25 10 50 30 44 43 13 43 5 56 65 77 90 81 37 10 78 35 17 63 76 94 92 94 64 79 79 89 26 14 54 73 95 30 84 57 81 111 84 20 10 68 95 42 51 54 43 78 62 7 87 51 24 110 62 87 64 79 64 91 95 63 61 93 38 33 59 87 62 57 73 83 60 86 46 
53 16 47 80 82 58 73 64 60 68 27 31 5 73 21 81 37 32 52 57 46 66 21 79 64 56 64 24 52 58 40 77 36 78 72 43 6 51 25 96 64 5 91 87 54 40 50 35 21 12 12 55 56 68 67 55 13 81 64 52 62 10 38 15 53 64 8 82 66 35 60 31 28 24 73 16 56 70 38 11 16 12 36 82 48 83 50 20 34 35 59 55 56 16 17 23 12 61 45 28 
6 70 54 24 68 37 23 64 40 52 63 42 52 50 41 47 70 38 15 7 50 43 77 24 11 31 14 32 6 51 41 22 37 29 36 64 59 67 59 39 14 62 35 32 66 52 70 70 76 45 60 55 65 12 30 30 53 72 12 60 34 66 92 70 17 21 54 72 22 46 31 26 56 41 20 69 56 14 91 45 73 50 56 46 67 72 64 50 72 26 41 35 63 43 44 52 68 37 62 35 
81 33 50 103 85 71 94 63 91 75 24 62 35 82 42 94 27 48 74 85 51 77 19 102 87 86 92 52 77 89 71 104 67 107 88 70 26 46 27 120 92 28 114 114 82 44 43 24 11 39 23 58 53 92 97 71 30 81 88 52 77 29 9 31 83 93 39 82 87 66 76 59 31 43 101 15 86 95 9 41 27 43 38 96 42 84 78 50 21 65 90 69 55 40 48 33 28 74 42 59 
9 64 47 29 63 31 25 58 43 47 55 39 46 46 34 45 62 30 9 13 43 39 71 28 13 34 21 26 1 53 40 29 35 36 34 62 52 59 52 45 21 56 40 39 66 45 63 63 70 39 53 48 58 17 35 25 46 67 14 53 30 60 85 64 20 27 48 67 21 44 26 21 49 34 27 62 57 19 84 39 67 45 48 44 60 67 63 46 64 23 44 29 56 36 39 44 62 32 55 31 
64 51 17 80 52 41 68 30 86 43 12 62 37 50 28 63 7 26 51 68 20 46 44 77 64 79 76 42 58 89 69 85 65 92 58 79 32 14 12 96 76 40 90 95 90 13 13 9 36 34 26 25 21 70 86 43 25 49 65 19 47 44 42 49 70 80 44 49 60 67 47 48 11 26 83 30 89 73 41 38 48 47 8 64 11 51 86 55 12 56 86 40 22 31 48 17 45 44 9 54 
78 28 51 102 87 71 93 65 87 77 25 58 31 83 40 94 30 47 72 82 52 78 13 100 85 82 89 49 75 84 66 102 63 104 88 65 22 49 28 118 89 24 113 112 77 45 46 27 6 36 21 60 56 90 93 71 28 84 86 54 77 24 12 25 80 90 34 85 86 61 76 56 32 41 98 12 81 93 11 37 22 39 39 96 45 86 73 46 24 61 85 69 57 37 44 33 23 75 44 55 
66 16 49 91 86 65 84 65 73 73 25 44 18 79 30 89 33 40 63 70 49 73 9 90 75 68 76 37 64 70 52 90 49 91 81 52 10 51 25 108 76 9 102 100 64 43 49 30 9 24 12 58 56 79 80 64 18 84 76 54 70 10 26 14 66 77 20 84 77 47 69 44 29 32 86 7 67 82 25 24 11 24 37 90 47 86 60 31 28 48 71 63 58 26 30 27 10 69 45 41 
38 28 46 65 79 50 60 63 46 63 34 20 11 66 16 72 45 27 39 42 44 59 36 65 50 41 48 10 38 47 27 62 23 62 62 38 20 54 32 81 48 21 77 72 48 40 55 43 37 9 24 53 57 53 51 46 19 79 51 52 53 24 54 28 38 48 12 79 54 25 51 16 32 20 57 30 46 55 53 5 31 9 38 73 52 80 44 14 43 19 45 47 57 12 6 26 26 53 48 13 
16 51 46 43 70 38 39 60 38 53 47 26 33 54 25 56 56 26 20 20 43 47 58 42 27 29 27 13 15 44 28 40 23 42 45 49 40 58 44 59 27 43 54 50 54 42 60 56 58 27 42 50 58 31 35 32 36 72 28 53 39 47 74 51 19 29 34 73 34 31 36 7 42 26 36 50 47 33 73 26 53 31 44 56 57 73 51 32 57 10 38 35 57 25 25 36 49 40 52 17 
43 98 56 24 46 30 14 55 77 36 77 77 78 29 62 17 79 53 32 43 52 28 102 20 26 68 47 61 37 88 77 40 73 55 14 100 82 67 73 31 47 88 26 45 103 58 72 81 98 70 81 51 62 27 63 30 74 53 25 58 25 93 110 97 54 55 82 52 17 82 25 57 69 60 45 89 94 28 110 73 99 80 64 15 69 51 101 83 83 61 78 32 59 67 75 68 95 28 66 68 
23 42 53 52 80 49 50 68 32 63 48 15 27 65 26 67 58 32 31 27 50 57 52 53 38 25 32 12 26 36 18 47 13 45 57 38 36 63 45 68 32 37 63 56 44 48 65 57 54 24 40 58 64 41 35 43 34 81 39 60 50 40 70 43 21 31 27 82 46 20 47 8 44 28 41 47 38 42 69 21 46 23 48 67 62 83 40 22 57 3 31 46 64 24 16 38 42 50 57 6 
52 86 30 48 21 13 34 26 86 7 55 76 66 3 49 16 55 38 34 55 28 4 85 44 40 77 61 55 43 95 79 61 74 74 16 99 67 39 53 60 61 74 54 69 105 35 44 57 80 58 64 23 33 44 77 19 58 25 40 31 13 80 89 85 63 68 72 25 28 82 17 54 49 46 63 71 98 47 88 62 85 71 41 18 42 25 102 77 60 61 87 16 30 54 68 49 81 11 40 66 
42 23 52 70 85 57 66 69 46 69 38 17 11 72 22 78 48 33 45 46 50 65 34 70 55 41 51 16 43 44 25 66 22 64 68 33 20 59 35 86 51 18 81 75 43 45 59 47 36 14 25 59 62 58 53 52 22 85 56 58 59 21 53 24 40 50 8 85 60 21 57 21 36 26 61 31 43 60 52 9 27 4 43 79 57 87 39 8 46 22 44 53 62 17 3 31 23 59 52 14 
13 54 57 42 79 47 42 70 28 62 57 23 38 62 34 62 66 36 26 16 53 55 64 43 29 19 21 21 18 35 22 35 18 34 52 45 47 68 53 57 21 48 53 44 48 52 70 65 64 34 50 60 68 31 25 40 43 82 30 63 47 51 81 54 10 21 38 82 39 27 43 14 51 35 30 57 39 32 80 32 57 34 54 62 67 82 46 33 66 9 28 44 67 33 28 46 53 48 62 17 
45 43 21 64 55 32 54 38 67 41 18 44 25 46 9 56 25 8 34 49 19 40 42 62 48 59 57 23 39 70 51 67 46 72 48 64 24 29 14 80 57 32 74 77 73 14 30 25 38 18 21 28 31 53 66 31 15 54 48 27 37 37 50 42 50 60 31 55 46 50 36 28 11 6 64 29 71 56 49 23 42 32 13 57 27 56 69 40 26 36 66 30 31 14 31 7 38 36 22 35 
32 42 32 54 62 33 47 48 53 46 30 33 22 49 8 55 39 11 25 36 29 42 46 53 38 45 44 10 28 57 38 55 33 59 46 54 27 42 27 71 44 32 65 65 62 27 44 38 44 14 27 38 43 43 52 29 20 62 39 38 36 37 59 41 37 47 27 63 40 38 34 14 25 8 52 36 58 45 58 17 43 26 27 56 41 64 59 31 39 23 52 30 43 11 22 19 39 36 36 23 
25 75 41 26 48 18 14 47 60 32 57 55 55 30 40 27 61 32 9 27 37 23 79 23 13 51 34 38 17 70 56 35 52 47 17 78 60 53 53 41 34 65 36 44 83 41 57 62 76 48 59 39 50 18 50 12 52 52 13 45 15 70 89 75 37 41 59 52 7 60 11 34 50 38 36 68 74 21 89 50 76 57 46 27 55 52 80 60 64 39 61 17 47 44 52 47 72 17 50 46 
72 14 56 98 93 73 90 72 76 80 31 47 23 86 37 96 39 47 69 76 56 80 2 97 81 73 82 43 70 72 55 96 53 96 88 52 17 56 32 114 82 13 109 105 64 49 54 36 8 30 19 65 63 86 84 71 25 90 82 60 77 12 23 12 72 82 24 91 84 49 76 50 36 39 91 13 69 88 22 30 8 28 44 97 53 93 60 34 33 53 74 70 64 33 34 34 10 76 51 46 
59 97 41 49 19 23 36 33 93 15 66 85 77 8 60 10 65 49 41 61 39 14 96 45 44 84 67 65 50 103 88 64 83 78 18 108 78 48 64 58 67 85 53 71 114 46 53 67 90 69 75 33 42 48 83 28 69 26 44 40 21 90 99 96 70 74 83 26 32 91 24 64 60 57 67 82 107 50 99 73 96 82 52 12 52 24 111 87 70 70 94 26 39 65 78 60 92 21 50 76 
79 32 49 102 84 70 93 62 90 74 23 61 34 81 40 93 26 47 72 84 50 76 18 100 86 85 91 51 76 88 69 103 66 105 86 70 25 45 26 118 91 27 113 113 81 43 42 23 10 37 22 57 52 91 96 70 28 80 86 51 75 28 11 30 81 92 37 81 85 64 75 58 30 41 99 14 85 93 10 39 27 42 37 94 41 83 77 49 20 64 89 68 54 39 47 32 27 73 41 58 
17 48 48 45 73 41 42 63 36 56 48 23 31 57 25 59 57 27 23 21 45 50 57 45 30 27 28 12 18 42 25 41 20 43 48 46 39 59 44 61 28 41 56 51 51 44 61 56 57 26 41 52 60 33 35 35 35 75 31 55 42 45 73 48 19 29 32 75 37 28 39 5 42 26 37 49 45 35 72 25 51 29 45 59 58 76 48 29 57 7 35 38 59 25 22 37 47 43 53 14 
62 99 42 51 18 26 38 34 96 16 68 88 79 10 62 12 66 51 44 63 40 17 98 47 47 87 69 67 53 106 91 66 86 81 21 111 80 49 65 60 69 88 55 73 117 48 54 69 92 72 77 34 43 51 85 31 71 25 47 41 24 93 101 98 73 77 85 24 35 94 27 66 61 59 70 84 110 53 100 75 98 84 54 14 53 23 114 90 72 73 97 29 40 67 81 62 95 23 51 78 
30 79 41 26 45 16 13 46 64 29 59 60 59 26 43 23 62 34 14 31 37 20 82 23 16 55 38 42 21 74 61 37 56 50 12 83 63 53 55 41 38 69 35 46 87 42 57 64 79 51 62 38 49 20 54 12 55 49 16 45 12 73 92 78 41 45 63 49 5 65 9 39 51 41 39 70 79 23 91 53 80 61 47 23 55 49 85 64 66 44 65 17 46 47 56 49 76 15 50 50 
55 27 75 84 108 79 83 92 42 92 59 19 32 95 45 99 69 56 64 58 73 88 42 85 71 42 60 37 59 34 23 76 25 70 89 11 38 82 57 99 60 32 95 84 23 69 82 67 48 37 44 82 86 73 55 74 44 108 72 81 81 30 64 29 49 56 25 109 79 16 78 39 59 49 70 47 29 74 63 32 33 23 66 100 79 110 19 15 66 35 40 76 86 40 24 53 31 81 75 27 
48 49 13 64 49 29 53 31 73 35 18 51 31 41 16 52 22 10 35 52 12 36 47 62 49 65 60 29 41 76 57 69 52 76 45 71 30 22 15 80 60 38 74 79 80 7 24 23 41 25 26 21 24 54 71 29 21 47 49 20 34 43 52 48 55 64 38 48 45 57 34 34 11 13 67 33 77 57 51 30 48 39 8 53 21 50 76 47 25 42 72 26 24 21 38 11 44 32 16 42 
21 79 51 16 57 28 9 57 55 41 65 55 60 38 46 33 70 40 14 21 47 33 85 14 4 46 26 41 15 66 55 25 51 38 22 77 66 63 62 33 26 70 27 34 81 51 67 71 83 53 66 49 60 8 43 23 59 61 4 55 24 75 97 79 32 34 63 62 8 60 21 36 58 45 27 74 71 11 96 54 81 60 55 32 64 61 78 62 73 39 56 27 57 50 55 54 77 27 60 47 
60 29 35 82 71 52 73 51 74 59 11 46 18 65 21 76 21 28 53 64 35 60 23 81 66 68 71 32 56 73 54 83 50 86 68 60 10 36 11 99 71 18 93 93 71 28 35 18 17 19 4 44 42 71 77 51 9 69 67 39 57 22 30 27 63 73 24 70 66 50 56 39 14 21 80 9 72 74 30 22 25 28 23 77 33 72 67 36 17 45 72 50 43 19 31 13 23 56 30 40 
57 84 25 55 16 16 41 19 90 1 51 78 65 8 48 23 49 37 38 60 24 10 82 51 46 81 67 55 48 98 81 67 76 80 24 100 65 33 49 67 67 73 62 76 107 31 38 52 76 58 61 17 26 50 82 23 56 19 46 25 18 78 84 83 68 74 72 20 35 83 22 56 45 45 69 68 101 53 84 62 83 71 37 25 36 20 104 77 55 64 90 19 24 53 68 46 79 16 34 68 
22 79 78 33 92 61 42 89 26 76 83 45 65 73 60 68 91 60 40 18 74 67 90 36 32 21 10 47 30 39 39 18 38 8 58 60 74 90 79 42 10 75 40 22 58 75 93 91 91 61 77 79 89 29 9 55 70 96 32 84 59 77 108 80 17 6 64 96 44 46 55 40 77 61 11 84 46 27 107 59 83 60 78 67 90 96 58 57 92 35 28 59 87 60 54 71 79 61 85 42 
41 103 69 13 63 44 16 71 70 52 87 77 84 46 70 34 91 62 37 39 66 44 109 11 26 62 40 65 38 83 75 28 72 43 30 98 89 81 84 14 40 94 9 31 100 71 86 93 106 77 89 65 77 23 55 41 82 70 25 73 39 98 120 103 50 47 87 69 24 81 37 60 80 68 34 98 89 22 119 78 105 84 76 32 83 68 98 85 95 61 72 45 74 73 78 77 101 42 79 70 
36 36 64 65 94 63 64 80 29 77 54 0 28 79 35 82 65 43 46 39 61 72 49 66 52 26 42 23 40 27 8 57 6 52 72 23 37 73 51 80 42 34 76 65 30 58 74 63 52 29 42 70 75 54 39 57 38 95 53 71 64 35 69 37 30 39 24 95 60 6 61 22 52 38 51 48 27 55 68 24 41 19 57 82 71 96 26 13 63 16 28 60 75 31 15 46 37 65 67 10 
46 20 48 73 83 56 68 66 52 67 32 23 5 72 20 78 43 31 47 50 47 65 28 73 58 47 56 18 46 50 31 70 28 70 69 37 14 55 30 89 56 13 85 80 48 42 55 41 30 10 19 56 59 61 58 52 17 82 59 55 59 16 47 20 45 55 4 83 62 27 57 24 32 23 65 25 49 64 46 6 22 4 39 79 52 84 44 13 40 27 50 53 59 14 9 26 18 59 48 20 
33 49 25 52 54 25 42 40 59 38 30 40 29 41 12 48 37 5 22 37 22 34 51 50 35 50 45 18 27 64 45 55 40 61 39 62 32 36 26 68 45 38 62 65 70 21 39 37 48 21 31 30 37 40 56 22 24 54 36 32 29 43 61 48 40 49 35 55 35 46 27 20 23 10 53 39 65 43 61 25 49 34 23 49 36 56 66 39 39 29 58 22 36 17 30 19 45 28 31 30 
67 98 38 60 8 28 46 26 101 14 64 90 79 12 62 21 61 50 48 69 37 19 95 56 54 92 76 69 58 110 94 74 89 88 28 113 78 43 62 69 76 86 64 81 120 44 48 64 89 71 75 29 36 58 91 34 69 15 53 36 28 91 96 96 78 83 85 15 42 96 31 69 58 58 77 81 113 60 96 75 97 85 50 23 47 13 117 91 67 76 102 31 34 67 82 60 93 26 46 80 
50 21 64 79 98 69 76 82 44 82 48 16 21 85 35 90 59 46 56 53 63 78 35 79 64 42 57 28 52 38 23 72 22 68 80 21 28 71 47 94 57 23 90 81 32 58 71 57 40 26 34 72 75 67 54 65 33 98 65 71 72 22 57 22 45 54 14 98 71 16 69 31 48 39 66 37 35 69 56 21 27 12 55 91 69 100 28 5 56 29 42 66 75 30 14 43 24 72 65 20 
28 84 50 17 51 25 4 54 62 37 67 62 65 33 50 26 71 42 17 29 46 28 89 14 11 53 33 47 22 73 62 30 58 44 16 84 69 62 63 32 33 75 26 38 88 51 66 72 86 57 69 47 58 14 50 21 62 56 11 54 20 79 99 84 39 41 68 57 4 66 18 42 60 48 33 77 78 16 99 59 86 66 56 25 64 56 85 68 74 46 63 25 55 53 60 57 81 24 59 53 
31 51 27 49 53 24 39 41 57 37 33 40 31 40 15 46 39 8 19 35 23 33 54 47 33 49 43 18 24 63 45 52 40 58 37 62 34 38 29 65 43 40 60 62 70 23 41 40 51 23 34 31 38 38 54 20 26 54 33 33 27 45 64 50 38 47 36 55 32 46 25 19 26 13 50 42 65 41 64 26 52 35 26 47 38 56 67 40 41 28 57 21 37 19 31 22 47 27 33 30 
55 64 3 64 34 23 51 16 84 23 29 65 47 30 31 43 27 22 38 59 4 26 61 61 51 75 67 42 47 89 70 73 66 82 39 86 45 14 27 79 67 53 73 82 94 9 19 30 54 40 40 6 12 56 80 26 36 32 51 7 28 58 62 63 64 72 54 33 44 71 30 46 23 28 72 46 91 59 61 45 62 54 15 44 16 35 91 62 33 54 84 22 10 36 53 26 59 25 13 55 
64 4 58 92 94 71 86 75 66 80 35 37 17 86 34 94 45 45 65 68 58 79 12 91 76 63 74 36 64 61 45 88 43 87 85 41 16 61 35 108 74 8 103 98 53 51 59 42 18 25 21 67 66 80 75 68 25 92 77 63 75 3 34 2 63 73 15 93 79 39 73 43 38 37 83 19 58 82 33 23 4 19 47 95 57 95 49 24 40 45 64 68 67 29 25 35 1 74 55 37 
43 40 25 64 59 35 54 42 63 44 19 40 21 49 5 58 27 9 34 47 23 43 40 62 47 56 55 19 38 66 47 66 42 71 50 60 21 33 15 80 55 28 75 76 69 18 34 27 36 14 19 32 36 52 64 33 12 58 48 31 39 33 49 38 48 58 27 59 47 46 38 25 13 3 63 27 67 55 49 18 39 28 17 59 31 60 65 35 28 33 63 32 35 10 27 8 35 38 26 32 
46 111 88 21 85 63 34 92 65 74 102 80 93 68 82 56 108 77 50 42 84 65 119 24 37 59 38 74 47 78 76 23 74 33 51 98 100 100 99 8 38 104 13 17 97 88 104 109 118 87 101 85 96 32 48 59 94 91 36 92 58 107 133 111 50 43 95 91 42 83 56 67 95 81 29 110 85 29 132 87 114 91 93 54 102 90 96 90 110 66 67 64 93 85 85 91 110 61 97 75 
52 15 60 81 94 67 77 77 50 79 42 21 16 83 31 89 53 43 56 55 59 76 28 81 66 47 60 27 53 45 29 75 27 72 79 28 22 66 41 96 60 16 92 84 39 53 65 51 33 22 28 68 70 69 59 63 28 94 66 66 70 15 50 16 49 58 8 95 71 22 68 32 43 35 70 30 42 71 49 17 20 8 50 90 63 96 35 8 49 31 48 64 70 26 13 37 17 70 59 23 
25 90 75 16 82 54 28 83 45 67 86 59 74 63 64 55 93 61 36 21 71 58 99 20 23 38 17 54 29 57 54 1 52 16 47 77 81 88 82 23 17 84 22 9 76 74 92 93 99 68 83 75 85 18 28 48 76 87 23 81 50 87 115 91 28 22 75 87 33 61 47 48 79 64 8 91 64 15 114 67 94 71 78 54 89 86 75 69 95 45 46 53 83 66 64 75 89 53 84 54 
57 11 63 86 98 72 82 80 54 83 43 25 18 87 35 94 54 46 61 61 62 80 25 86 71 52 66 32 59 48 33 81 32 77 84 28 23 68 42 102 66 16 97 89 40 56 67 51 31 26 29 71 73 74 64 68 30 97 72 69 75 13 47 12 54 63 12 98 76 26 72 37 45 39 75 30 45 76 46 22 16 13 53 95 65 99 36 13 50 37 52 68 73 30 18 40 14 74 62 28 
40 71 23 45 33 3 31 28 73 16 44 61 51 18 34 26 46 23 22 44 19 11 72 41 32 64 51 39 32 81 64 54 60 65 20 84 53 34 41 59 51 60 53 64 90 25 39 47 67 44 50 20 31 37 66 7 44 36 32 26 9 65 77 70 51 58 57 36 24 67 9 39 37 31 55 58 84 40 77 47 71 56 31 28 37 37 87 62 50 47 73 2 28 39 53 36 67 6 33 51 
41 56 84 67 110 78 71 99 12 93 77 23 51 93 56 93 87 63 57 41 81 86 70 69 58 17 40 43 49 4 15 54 20 44 82 25 60 94 74 78 40 57 76 59 21 79 96 86 75 51 65 89 96 58 28 71 61 112 59 91 78 57 91 58 30 33 46 113 69 19 74 39 74 59 47 70 9 58 90 47 62 42 79 93 93 113 21 35 85 31 9 75 95 53 38 68 59 79 88 30 
56 51 11 71 48 33 60 27 80 36 15 58 35 43 23 55 16 18 42 60 12 39 47 69 56 72 68 36 49 83 64 77 59 84 50 76 32 15 13 87 68 40 81 87 86 5 16 17 40 30 27 20 19 61 79 35 24 45 56 16 39 45 48 50 63 72 42 46 52 63 39 41 9 20 75 32 84 64 48 35 49 44 1 57 14 48 82 52 20 50 80 31 20 27 44 13 46 36 9 49 
54 55 7 68 44 29 56 24 80 32 19 59 38 39 24 51 19 17 40 59 8 35 50 65 53 72 67 37 47 84 65 74 60 82 46 78 35 15 17 84 67 43 78 85 88 1 17 21 44 32 30 16 17 59 78 31 26 42 54 13 35 48 52 53 62 71 45 43 48 64 35 41 13 21 73 36 85 62 52 37 52 46 5 53 14 44 84 54 24 50 80 28 17 28 46 16 49 32 9 50 
38 72 26 41 35 3 28 31 71 18 46 60 52 19 35 25 48 24 19 41 22 12 73 38 29 62 49 39 29 79 63 51 58 63 17 83 54 38 43 56 49 61 50 61 89 28 42 50 68 44 52 23 34 34 63 4 45 38 29 30 6 66 80 71 49 55 58 38 21 66 6 38 39 32 52 60 83 37 79 48 72 57 34 26 40 39 86 62 52 45 72 1 31 40 53 38 68 5 36 50 
36 39 31 59 63 36 51 47 55 47 26 33 19 51 4 58 35 11 30 40 28 44 42 57 42 48 48 11 32 59 39 59 35 63 49 54 23 40 23 75 48 28 70 69 63 25 41 35 40 11 23 37 42 47 56 32 16 63 43 37 39 33 54 38 40 50 25 64 44 39 37 17 21 5 56 31 59 50 54 15 40 24 25 59 39 65 59 30 35 25 55 32 42 7 21 15 35 38 34 24 
57 33 30 79 66 48 69 46 73 54 8 47 20 60 17 71 18 23 49 61 30 55 28 77 62 67 69 30 53 74 54 80 50 84 64 62 13 32 6 95 69 21 89 90 73 23 31 16 22 18 8 39 38 67 76 47 8 64 63 35 52 26 34 31 61 71 26 65 62 51 52 37 9 18 77 14 73 70 34 22 30 29 18 72 29 67 69 38 16 44 72 45 38 17 32 9 27 51 26 40 
5 70 56 24 70 39 25 67 38 54 64 41 52 52 42 49 71 40 17 5 52 46 78 25 13 29 12 33 8 49 39 21 36 27 38 62 59 68 60 40 12 62 35 31 65 54 72 72 77 46 61 57 67 13 27 32 54 74 13 62 37 66 93 70 15 19 54 74 24 45 33 26 58 42 18 69 55 14 92 46 73 50 58 48 69 74 63 50 73 26 39 37 65 44 44 53 68 39 64 34 
28 61 28 41 47 16 30 39 60 30 41 47 41 32 25 36 46 16 12 32 24 25 64 38 25 51 40 26 20 67 50 46 45 55 27 70 45 41 38 57 40 51 51 56 76 27 44 47 60 33 43 29 39 30 53 10 36 50 26 34 18 55 73 60 38 46 46 50 22 53 15 25 34 22 46 52 70 34 73 36 62 44 31 37 41 51 73 49 49 33 60 13 37 29 40 31 58 18 37 37 
76 26 51 101 87 71 92 66 85 76 25 56 30 83 39 94 30 47 71 81 52 78 12 99 84 81 88 48 74 82 64 100 61 102 87 63 21 49 27 117 88 22 112 110 75 45 46 27 4 34 19 60 56 89 92 70 26 84 85 54 76 22 13 24 78 88 32 85 85 59 75 55 31 40 97 11 79 92 13 36 20 37 39 95 45 87 71 44 24 60 84 68 58 36 42 32 21 74 44 53 
18 61 38 35 56 24 27 49 50 39 47 41 41 40 27 41 54 22 6 22 34 33 66 33 18 41 30 23 10 58 43 38 38 45 31 64 47 50 44 51 30 51 46 48 69 36 54 54 64 34 47 40 49 23 43 18 39 59 19 44 24 56 78 60 28 35 45 60 21 46 21 19 40 26 36 55 62 26 77 35 62 42 40 41 51 60 66 45 56 25 50 22 47 30 37 36 58 25 46 31 
29 65 80 52 101 69 57 93 6 84 77 29 55 83 55 81 87 59 47 28 76 77 77 54 45 4 25 41 38 18 21 38 23 28 71 40 64 91 74 62 25 63 60 43 37 75 93 86 80 53 68 83 91 44 12 62 63 104 46 86 68 64 97 66 18 17 52 104 57 28 64 35 73 57 31 75 25 43 96 49 70 47 76 81 90 105 37 42 86 27 7 66 90 53 42 67 66 70 85 31 
73 62 19 85 47 44 73 25 97 41 23 74 49 49 39 63 13 35 58 77 23 47 53 82 71 89 85 53 66 100 81 92 76 100 60 91 43 8 24 100 85 51 95 102 102 19 3 17 45 45 37 24 15 76 96 48 37 42 71 16 50 55 47 60 80 89 56 43 65 79 51 58 22 37 91 40 100 79 47 50 58 58 17 65 5 45 98 67 19 67 97 43 17 43 60 28 56 47 9 66 
52 69 10 59 30 16 45 16 82 16 35 66 50 23 34 35 34 23 34 55 8 19 66 55 46 74 63 43 43 89 71 68 66 78 32 87 49 21 33 73 63 57 67 77 95 15 26 37 60 43 45 6 17 51 77 21 40 29 46 13 22 62 68 67 61 69 57 30 38 71 23 45 29 30 68 52 91 54 68 48 67 57 21 37 23 31 92 64 40 54 82 16 14 39 55 30 64 19 20 56 
60 28 36 83 72 53 74 52 74 60 11 46 18 66 21 76 21 29 54 65 36 61 22 81 67 68 72 32 57 73 54 84 50 87 69 59 10 37 12 99 72 17 94 94 71 29 36 19 16 19 4 45 43 72 78 52 9 70 67 40 58 21 30 26 63 73 24 71 67 50 57 39 15 22 80 8 72 74 29 22 25 27 24 78 34 73 66 36 17 46 72 51 44 20 31 14 22 57 31 41 
36 47 75 64 102 70 66 90 17 85 67 13 41 86 46 87 77 54 51 37 72 79 61 66 53 17 38 33 43 14 5 53 10 45 76 22 50 84 64 77 38 47 74 60 23 69 86 76 65 41 55 80 86 54 30 64 51 104 54 81 71 48 82 49 27 33 37 104 64 10 67 30 64 49 47 61 16 55 81 37 53 32 69 87 83 105 21 25 75 22 15 67 85 43 28 58 49 72 78 20 
60 31 32 82 69 51 73 48 75 57 8 48 21 63 21 74 18 27 52 65 33 58 25 80 66 69 72 33 56 75 56 84 52 87 67 62 13 34 8 98 72 21 93 94 73 26 32 16 19 20 7 41 39 71 79 50 10 66 67 37 56 25 31 29 64 74 27 67 65 53 55 40 12 21 80 11 74 74 30 24 28 30 20 75 30 69 69 39 15 47 74 48 40 20 33 12 26 54 28 42 
41 41 74 70 103 72 71 91 24 87 64 10 37 88 45 90 74 54 54 43 72 81 55 71 58 25 44 33 47 18 7 60 11 52 80 16 46 83 61 83 44 42 80 67 20 69 84 73 60 39 51 80 86 59 38 66 48 105 59 81 73 42 77 43 33 40 32 105 68 5 70 31 62 48 53 56 16 60 76 34 47 28 68 90 81 106 17 20 72 24 22 69 85 41 25 56 44 74 77 20 
69 73 14 77 31 34 63 9 98 27 35 78 57 35 44 49 28 35 52 73 18 34 67 73 64 90 81 56 61 103 84 86 79 96 48 98 54 9 34 90 81 62 85 96 107 20 13 31 59 52 48 12 3 69 94 39 46 26 64 8 39 66 63 71 78 86 64 27 56 84 41 60 31 40 86 53 104 72 63 57 70 66 23 51 13 29 104 74 34 68 98 34 4 48 65 35 68 36 14 69 
14 52 49 42 72 40 39 63 35 55 50 25 35 56 28 57 59 29 21 18 46 49 60 42 27 26 24 16 15 42 26 38 22 39 47 48 43 61 47 57 24 45 53 47 53 45 63 59 60 29 45 53 61 30 32 34 38 75 28 56 41 48 76 52 16 26 36 75 35 30 37 8 45 29 33 53 45 32 76 28 55 32 47 57 60 76 50 33 59 9 35 38 59 28 26 39 50 42 55 17 
73 36 38 94 74 60 84 52 87 64 13 59 31 71 33 83 16 38 64 77 40 66 24 92 78 81 85 45 68 86 67 96 63 100 77 71 22 36 17 110 85 27 105 106 82 33 32 13 16 32 17 47 42 83 91 61 22 70 78 41 66 30 20 33 76 86 36 71 76 63 65 52 21 33 93 13 84 86 20 36 31 40 27 85 32 73 78 48 10 59 86 58 44 33 44 23 30 64 31 54 
18 99 10 48 64 44 82 74 21 67 58 14 6 34 4 13 58 12 60 15 62 20 15 52 44 48 66 44 31 69 18 18 43 21 86 58 27 93 48 38 78 17 83 62 74 81 49 54 66 77 53 21 17 83 83 75 6 32 16 62 7 1 64 33 69 71 45 61 74 1 61 74 40 77 18 25 64 0 90 66 40 10 13 35 12 93 46 78 47 6 7 28 32 69 78 59 96 17 32 58 