40 100 5
75 12 85 38 94 94 53 47 83 56 96 23 48 15 32 27 27 53 58 75 63 74 23 86 62 81 47 26 66 56 49 20 27 7 87 50 88 50 22 25 50 77 19 47 92 39 39 43 88 34 79 58 67 90 106 60 58 67 78 21 66 98 63 27 79 56 29 27 24 34 29 45 80 88 81 75 49 80 68 60 27 5 19 25 45 99 79 74 14 52 59 54 52 41 83 83 78 41 12 62 
85 26 91 33 100 101 66 59 90 56 91 33 54 16 19 13 13 63 71 83 69 67 12 90 57 87 47 14 78 69 42 8 31 11 93 56 89 47 35 11 60 70 28 40 93 28 27 32 87 23 80 61 68 86 111 66 55 63 88 35 78 102 68 21 73 68 16 40 10 47 38 59 81 89 82 82 55 73 73 66 15 13 21 17 48 103 74 75 28 42 60 50 41 31 77 86 80 45 26 71 
74 30 77 18 85 88 61 52 76 40 77 25 41 7 30 21 19 53 65 70 55 55 10 75 43 74 32 13 69 61 30 11 18 23 78 43 74 32 33 17 50 58 21 27 78 22 23 25 71 17 64 46 53 72 97 52 40 49 76 34 71 87 53 7 60 62 27 36 21 44 28 57 65 73 66 69 41 61 59 52 12 22 8 6 34 88 60 59 32 33 45 35 34 23 64 71 65 31 29 60 
47 31 72 63 81 74 14 17 66 66 109 30 42 46 73 68 67 31 20 53 52 97 61 78 84 66 59 64 34 22 76 59 41 47 74 45 88 70 20 65 29 101 32 75 89 74 75 78 94 70 80 58 69 103 89 51 76 84 51 20 31 86 57 58 100 19 70 17 65 9 31 4 81 91 82 60 46 103 57 52 64 45 46 59 51 89 98 78 29 83 65 74 85 75 101 77 78 45 30 41 
91 64 81 21 87 95 89 79 84 37 53 54 57 40 45 37 36 74 92 84 66 25 32 75 20 80 36 30 91 87 10 36 43 54 82 56 66 23 65 35 71 27 52 9 71 16 19 13 57 21 57 51 51 49 99 63 26 29 93 67 95 87 60 27 32 89 43 66 40 75 54 88 58 62 60 77 54 31 68 62 29 55 39 28 44 86 35 52 66 2 44 22 9 14 37 69 60 46 63 77 
43 27 62 47 71 67 22 14 57 50 93 14 28 33 64 57 56 23 26 46 40 81 48 66 67 56 43 51 34 24 60 47 25 39 64 31 74 53 12 54 20 85 18 60 76 60 61 63 79 56 66 43 54 87 81 38 59 68 47 15 34 76 43 44 83 24 60 6 55 8 15 20 67 76 67 50 31 86 45 39 51 37 31 45 35 78 81 63 26 67 50 57 71 60 85 64 64 29 24 33 
79 91 53 47 55 68 94 83 60 30 14 70 54 69 88 78 77 72 94 67 52 26 69 44 26 56 38 69 86 87 40 73 59 87 53 52 27 33 84 76 71 27 72 43 32 59 63 57 13 62 24 39 29 8 65 51 25 17 78 87 92 53 45 59 19 91 85 81 81 88 66 99 24 22 25 57 50 24 50 50 67 87 64 63 45 50 14 22 91 47 30 30 54 56 15 38 28 50 88 68 
78 77 59 31 63 74 87 76 64 21 27 59 48 54 71 62 60 67 88 68 50 15 53 51 9 60 28 53 82 82 24 57 47 72 59 46 38 18 72 59 65 18 59 27 43 42 46 40 28 46 31 35 29 22 74 49 11 2 78 75 88 62 44 43 14 85 69 70 64 78 55 90 32 34 33 59 44 18 50 48 51 72 50 47 36 60 11 26 78 31 26 15 38 40 15 45 35 41 75 65 
47 100 15 76 7 21 78 70 22 52 60 77 51 88 118 108 106 56 75 35 37 76 97 13 69 21 57 98 60 68 78 99 72 105 13 49 25 65 87 104 58 78 81 81 21 95 98 95 40 96 31 42 38 57 12 39 61 61 44 91 67 1 36 86 71 72 115 81 108 83 70 88 30 31 29 27 49 76 32 39 97 103 82 90 55 4 66 36 99 89 45 66 96 93 67 18 28 58 97 46 
78 44 75 8 82 87 70 60 76 33 65 34 43 20 35 25 23 58 74 72 55 41 15 72 30 72 27 16 75 69 16 19 24 35 76 43 67 22 45 22 55 44 32 14 71 12 15 15 62 11 57 43 47 60 94 52 29 37 80 47 78 84 52 6 47 70 32 46 27 55 35 68 58 65 60 68 42 48 59 52 14 35 18 9 32 84 48 52 45 19 39 24 22 12 51 66 59 32 42 63 
91 75 76 28 81 91 94 83 80 34 40 61 58 51 59 50 50 77 96 82 64 11 45 69 11 76 36 44 93 90 16 49 49 67 77 57 57 23 74 49 74 13 60 17 62 30 33 27 46 35 50 49 45 36 92 62 21 20 92 76 98 80 58 38 18 93 57 74 54 82 60 95 50 53 51 75 55 17 65 61 42 67 48 40 45 79 22 44 76 16 40 19 22 27 24 63 53 49 73 78 
45 39 49 28 58 59 42 31 48 26 69 16 12 27 60 50 49 26 44 41 26 58 39 50 44 45 18 42 43 38 39 41 11 43 51 14 53 30 29 47 23 61 19 39 56 45 48 47 56 43 44 22 32 63 69 24 35 44 48 33 46 61 26 30 60 40 56 25 50 32 10 44 45 54 46 40 13 63 31 24 41 42 22 34 11 63 57 41 39 48 26 34 53 44 61 46 43 5 36 31 
54 88 24 57 25 38 77 67 32 31 39 65 42 72 99 89 88 54 76 41 31 53 78 14 46 28 39 80 64 69 57 81 58 90 24 38 5 44 77 86 54 55 68 59 7 74 78 74 19 75 8 27 18 35 35 32 39 38 52 81 70 23 26 67 48 73 96 73 90 77 59 85 7 10 6 31 38 53 27 31 78 89 66 72 39 21 43 13 88 67 26 44 74 72 44 9 6 44 85 47 
16 60 48 72 56 45 19 19 40 63 101 45 36 65 97 89 88 18 14 27 36 98 79 56 85 42 59 82 2 11 83 79 52 73 50 38 71 72 45 86 21 102 50 83 71 88 91 91 82 86 66 49 59 95 62 37 75 82 20 48 4 61 43 73 98 13 93 39 87 35 42 32 67 76 67 37 40 102 39 38 82 71 61 75 49 65 94 67 58 92 59 76 97 88 98 58 63 47 57 20 
101 104 76 57 77 91 114 103 83 48 15 87 75 81 92 83 83 93 115 90 74 22 77 66 33 79 55 76 108 108 47 81 75 98 76 72 49 46 100 82 91 20 87 49 53 63 66 60 34 68 47 60 51 17 86 73 39 30 101 103 113 74 67 69 16 111 90 98 87 106 83 117 47 43 48 80 71 16 73 72 74 98 77 72 64 71 16 44 105 49 51 42 54 60 13 61 51 69 102 90 
52 65 37 32 43 51 64 53 40 7 43 43 25 47 74 64 63 42 65 42 25 40 53 32 29 36 14 55 57 58 34 56 34 66 38 22 28 21 56 61 41 44 45 37 32 50 54 50 29 51 18 10 7 38 55 23 19 24 53 60 63 44 18 42 39 61 71 53 65 59 38 69 19 28 21 34 21 44 25 22 53 65 42 47 16 44 35 14 65 45 1 22 52 48 38 26 19 22 62 40 
99 107 72 60 72 86 114 103 79 48 9 88 74 83 97 88 87 92 114 87 72 27 81 62 36 76 56 81 106 107 50 85 77 101 72 72 44 48 101 86 91 26 89 53 48 68 71 65 29 72 44 59 49 13 81 71 40 31 98 105 112 69 65 72 20 111 95 99 91 106 84 118 43 38 44 77 70 22 70 70 79 101 79 76 64 66 19 42 107 54 50 44 60 65 15 57 48 69 104 88 
40 92 7 70 4 18 70 62 15 46 60 69 43 80 111 101 99 48 67 28 29 73 90 7 65 14 51 92 53 61 73 92 65 98 5 41 24 60 79 97 50 76 73 75 21 89 92 89 39 89 27 35 32 56 16 31 56 57 37 83 60 7 28 79 69 65 108 73 101 75 62 80 27 30 26 19 42 74 24 31 90 96 75 83 47 10 64 32 91 84 39 61 90 87 65 14 24 51 89 38 
54 75 32 41 36 47 71 60 37 16 38 52 32 57 84 74 72 47 70 42 27 42 63 25 33 33 24 64 61 63 42 66 44 76 32 29 18 29 65 71 47 45 55 45 22 59 62 59 21 60 8 16 4 32 48 26 25 25 53 69 67 36 20 52 39 67 81 61 75 67 47 77 9 18 10 33 28 44 25 25 63 75 52 56 26 35 34 4 75 52 11 29 59 57 37 18 9 31 72 43 
29 71 15 54 24 26 53 43 15 33 62 48 23 61 93 83 81 29 51 17 8 66 71 18 55 11 35 74 38 43 59 74 45 77 17 21 31 46 58 79 30 69 52 61 31 73 76 74 42 72 27 18 22 57 35 11 45 49 28 62 45 28 9 61 64 47 89 52 83 55 42 61 27 35 27 8 22 69 3 10 72 76 56 65 29 30 59 28 71 70 26 48 77 71 62 18 23 31 68 21 
21 52 49 65 58 49 14 11 42 58 98 37 31 57 89 81 80 13 11 29 34 93 72 57 80 43 53 75 8 4 76 72 45 65 51 34 70 66 37 78 15 97 42 77 71 81 83 84 80 78 65 46 56 92 65 34 70 77 25 40 9 63 40 65 94 8 85 31 79 27 34 26 65 74 66 38 35 97 38 35 74 63 54 68 44 67 90 64 50 86 55 70 90 81 93 58 61 41 49 19 
16 56 45 66 53 44 19 16 38 57 95 40 30 59 92 84 83 12 15 24 31 92 74 53 79 39 53 77 5 9 77 74 47 69 47 32 67 66 41 80 15 96 45 77 67 82 85 85 77 80 62 44 53 90 60 31 69 76 20 44 9 59 38 67 92 13 88 35 82 31 36 31 62 71 62 33 34 96 34 33 76 66 56 69 43 62 89 62 54 86 53 70 91 82 92 54 58 40 53 15 
56 15 74 48 83 79 30 25 70 57 100 16 38 29 56 50 49 35 35 59 51 84 43 77 71 68 48 46 45 34 61 41 28 29 76 41 84 57 3 47 32 88 16 60 86 57 58 61 88 53 75 53 63 94 93 49 64 73 59 3 44 87 54 42 88 33 52 7 47 11 21 22 76 86 77 62 41 90 57 50 46 27 29 42 42 90 86 72 13 67 58 61 69 58 90 75 74 37 13 46 
26 82 8 68 15 12 56 49 1 46 70 60 35 74 106 96 95 35 53 14 21 78 85 18 68 3 49 87 38 47 73 87 58 90 9 33 35 60 68 93 38 81 64 75 34 87 90 88 49 86 35 32 34 66 24 23 58 61 23 72 45 21 23 75 75 51 103 62 96 63 53 67 35 41 34 7 35 80 16 23 86 88 69 79 43 25 70 38 81 84 40 62 90 85 72 22 31 45 79 25 
87 91 63 45 65 78 99 88 70 33 14 72 60 68 83 74 73 78 100 75 59 16 66 54 21 66 41 66 93 93 36 70 61 86 63 57 38 32 86 72 76 17 73 39 42 54 58 52 24 58 34 45 36 10 75 58 25 16 86 89 98 63 52 57 9 96 81 84 77 91 69 103 34 32 35 66 56 14 58 57 64 86 64 61 49 61 4 30 92 41 36 28 47 51 4 48 38 54 89 75 
70 71 52 28 56 66 79 68 56 13 32 52 40 49 70 60 59 58 80 59 42 23 51 45 13 52 20 51 74 73 24 54 41 68 52 38 34 14 65 57 57 26 53 27 39 42 46 41 27 45 26 27 21 26 68 40 6 6 70 69 79 56 35 40 22 76 67 63 62 70 48 82 26 31 28 51 36 27 42 39 49 67 45 44 28 55 19 20 72 33 17 12 40 40 23 38 29 33 69 57 
75 17 84 33 93 93 56 49 82 52 91 24 47 10 29 23 22 54 61 74 61 69 17 84 57 80 43 20 68 59 44 15 24 9 86 49 85 46 25 20 50 72 19 42 89 33 33 38 84 29 75 55 64 85 104 59 54 62 78 25 68 96 61 21 74 58 26 30 20 37 29 49 76 85 77 74 48 75 66 59 21 8 15 19 42 97 74 71 19 46 56 49 46 35 78 80 75 38 17 62 
53 86 25 54 26 39 76 66 32 29 39 63 40 70 97 87 85 52 75 41 30 51 76 15 44 28 37 77 63 67 54 79 56 88 24 37 6 42 75 84 53 54 66 57 9 72 75 72 18 73 6 25 16 35 37 31 37 36 52 79 70 25 25 65 47 71 94 71 88 75 57 84 5 11 4 30 36 52 26 30 76 87 64 69 37 23 41 11 86 65 24 42 72 70 43 9 4 42 83 46 
97 44 98 32 105 109 82 74 98 57 85 47 64 28 12 5 5 76 87 93 77 58 13 95 51 95 50 10 92 84 36 13 41 29 99 65 90 45 52 7 72 60 43 33 95 17 14 20 85 14 81 66 71 81 117 74 52 59 99 52 93 107 74 23 65 84 10 56 9 64 51 76 82 89 83 90 63 64 81 74 11 30 31 19 55 108 67 76 46 31 63 47 27 20 70 90 82 53 44 83 
50 33 56 26 64 65 42 32 54 30 73 11 18 21 54 44 43 30 45 47 33 59 34 56 45 52 21 36 46 40 38 35 5 37 57 20 59 31 24 41 26 62 13 38 62 41 43 44 61 39 50 28 38 67 76 30 38 46 53 28 49 68 33 25 62 42 50 22 44 30 7 42 51 60 52 46 19 64 38 31 35 35 16 28 16 69 60 46 33 46 31 35 50 41 63 53 49 11 30 36 
71 88 44 48 46 59 88 77 51 26 20 67 49 68 90 80 79 65 88 59 44 33 70 35 30 48 36 71 78 81 43 74 57 87 44 46 19 34 80 77 65 35 69 47 23 62 66 61 7 65 16 33 22 15 56 44 26 21 70 84 85 44 38 60 28 84 87 77 82 83 62 93 15 13 16 48 45 33 42 43 69 86 63 64 41 41 22 14 89 52 25 32 59 60 23 29 20 46 86 61 
38 42 66 68 75 66 3 13 59 67 109 36 41 54 83 77 76 26 9 46 48 100 69 73 87 60 61 72 24 13 81 68 46 57 68 44 85 73 29 74 26 104 39 80 86 81 83 85 93 78 78 57 68 103 82 47 78 86 42 30 20 80 54 65 102 9 80 25 75 17 35 9 79 88 79 54 45 105 53 49 72 55 53 66 52 83 99 77 40 89 65 77 92 82 103 73 75 47 40 35 
75 31 77 18 86 88 62 53 77 41 77 26 42 8 30 20 19 54 66 71 56 54 9 76 43 74 32 12 70 62 29 11 19 23 79 43 74 32 34 16 51 57 22 27 78 21 22 25 72 16 65 47 53 71 97 53 40 48 77 35 72 88 54 7 59 63 26 36 20 45 29 58 65 73 67 69 42 60 60 53 11 22 9 5 34 89 60 59 33 32 45 35 33 22 63 71 65 32 30 61 
80 93 55 49 56 69 96 85 62 32 11 72 57 71 90 80 79 74 96 69 54 26 71 45 27 58 40 71 88 89 42 75 62 90 54 54 28 35 86 78 73 27 74 45 33 61 64 59 14 64 26 41 31 6 66 53 27 19 80 90 94 53 47 61 19 93 87 83 82 90 68 101 25 22 26 59 52 24 52 52 69 89 66 65 47 51 14 23 93 49 33 32 55 58 14 39 30 52 90 70 
85 36 86 23 94 98 71 63 86 47 80 35 52 16 21 11 9 64 75 81 65 55 1 84 45 83 40 2 80 72 30 4 29 23 88 53 81 37 42 7 60 58 31 27 85 16 15 20 77 11 72 55 61 75 106 62 45 52 87 42 81 96 63 12 61 72 17 45 12 53 39 66 72 80 74 79 51 61 69 62 3 24 19 7 43 97 62 66 38 30 53 39 28 18 65 79 72 41 35 71 
93 86 73 39 77 88 101 89 79 36 28 70 63 62 72 63 63 81 102 83 65 2 57 65 15 75 41 56 97 96 27 61 58 79 74 61 51 29 83 62 79 3 70 29 56 43 46 40 38 48 45 50 44 25 88 64 24 17 93 86 102 75 59 49 6 98 70 82 67 90 67 102 45 46 47 74 59 4 65 63 54 78 59 52 50 73 11 40 87 29 41 25 34 40 12 59 49 54 84 80 
41 46 41 32 50 52 43 32 40 23 65 23 6 34 67 57 55 24 44 35 19 57 46 42 43 38 17 48 41 38 41 47 19 51 43 6 46 30 35 53 22 60 27 42 49 50 53 52 51 48 38 15 26 59 62 16 34 42 42 39 45 53 18 36 58 41 63 31 57 37 17 47 39 48 39 33 5 61 24 16 47 49 29 40 8 55 55 35 46 51 21 34 56 49 58 39 36 5 43 26 
91 76 76 29 80 90 95 84 80 34 39 62 59 52 60 51 51 77 97 82 64 10 46 69 11 76 36 45 94 91 16 50 50 68 76 57 56 23 74 50 75 12 61 18 61 31 34 28 45 36 49 49 45 35 92 62 21 19 92 77 98 80 58 39 17 93 58 74 55 82 60 95 50 52 51 74 55 16 65 61 43 68 49 41 46 78 21 44 77 17 40 19 23 28 23 62 52 49 74 78 
79 29 83 24 92 94 64 56 83 47 82 29 48 9 24 15 14 58 68 76 62 59 6 82 48 80 39 9 74 65 34 5 24 18 85 49 80 38 34 12 55 62 24 31 85 22 22 26 78 17 71 53 60 77 103 59 46 54 82 35 75 94 60 12 65 66 21 38 14 46 33 59 72 80 73 75 47 65 66 59 10 18 14 9 40 95 65 66 31 35 52 41 35 24 69 77 71 38 28 66 
76 46 72 5 79 85 70 60 73 30 62 35 41 21 38 28 27 57 73 70 53 39 18 69 28 70 24 19 74 68 14 22 24 38 73 41 64 19 45 25 54 42 32 12 68 14 17 16 59 14 54 41 44 57 91 50 26 34 78 48 77 81 49 9 44 70 35 47 30 55 35 68 55 62 56 66 40 45 56 50 17 38 19 12 30 81 45 49 47 19 36 21 22 13 48 63 55 30 44 62 
98 91 3 69 3 19 66 25 7 17 20 71 39 8 74 30 15 4 98 21 19 81 60 97 38 1 65 85 5 58 87 26 82 24 6 37 25 2 10 49 75 23 61 98 77 20 22 58 16 71 2 70 60 10 62 13 57 80 58 99 45 15 57 26 86 51 85 72 50 71 49 0 61 18 48 30 70 75 3 63 58 20 43 30 96 0 20 40 92 3 46 15 51 47 32 74 91 88 25 35 