40 100 5
62 49 52 43 33 46 51 26 44 24 42 52 39 46 60 68 16 74 36 73 24 51 19 30 24 43 50 47 1 13 40 39 32 42 47 42 19 35 52 52 42 64 40 41 40 70 28 39 51 43 55 52 51 49 25 53 74 42 76 56 60 48 44 23 11 28 19 37 46 42 46 47 33 62 76 26 14 39 44 26 34 28 38 44 26 24 41 57 33 19 46 58 21 41 28 13 51 51 19 18 
53 40 50 43 40 39 48 32 42 31 33 45 43 37 50 60 17 65 34 65 16 41 16 39 14 43 46 48 9 4 48 29 41 33 52 49 10 41 49 45 50 54 46 43 41 61 34 34 43 43 46 56 44 40 31 47 67 41 68 50 50 49 36 20 4 24 18 46 43 46 41 41 30 55 68 16 24 40 43 34 24 18 47 37 34 14 36 50 26 23 44 48 21 31 26 13 41 56 14 22 
78 32 90 8 74 28 87 28 82 33 59 28 22 35 59 91 57 52 74 49 30 65 56 67 42 83 84 12 42 36 79 50 68 63 88 36 35 32 11 25 42 72 32 14 9 51 31 16 76 83 42 94 28 68 66 23 97 5 98 86 72 89 69 60 44 64 58 75 82 22 14 21 12 34 96 39 48 12 4 38 38 43 75 71 67 36 13 35 22 28 6 71 60 48 14 29 52 37 53 60 
19 34 55 66 72 37 46 67 50 68 8 42 73 28 18 35 45 47 46 50 32 7 39 74 25 56 43 71 47 38 81 10 76 14 79 83 33 76 62 44 86 16 80 69 65 41 69 44 25 56 30 77 41 13 63 49 40 63 40 38 13 63 20 38 38 38 43 79 46 75 50 45 48 49 38 25 62 66 63 72 21 21 81 25 66 28 48 41 38 59 59 12 45 11 50 47 12 89 35 51 
30 22 67 58 78 26 59 64 61 66 19 30 68 17 10 47 51 34 56 37 29 20 46 79 27 67 55 63 49 38 87 14 81 26 87 79 32 72 52 33 83 21 76 63 58 29 66 35 38 67 17 87 29 26 69 37 52 55 52 51 22 74 33 46 41 47 50 85 58 69 40 34 41 36 49 24 64 60 55 70 17 23 86 38 72 27 39 28 31 56 50 24 52 10 44 45 1 84 41 57 
36 22 78 62 89 27 69 71 72 73 30 29 73 19 7 54 62 25 67 28 38 29 57 89 37 78 66 66 60 48 98 25 91 37 98 86 42 79 53 32 90 24 82 67 62 19 74 38 48 78 13 98 28 36 80 36 58 59 58 61 28 85 43 57 52 58 61 96 69 74 41 35 46 32 54 34 74 64 58 78 26 34 97 48 83 37 42 25 36 64 52 30 63 21 50 54 11 90 52 68 
99 71 84 41 49 67 86 19 77 16 78 70 26 71 91 105 51 95 69 93 52 87 55 37 58 74 85 41 39 46 49 73 37 78 62 14 51 14 55 68 9 99 16 34 38 93 16 56 88 74 80 72 70 86 46 67 111 42 113 93 95 76 81 59 48 64 54 44 80 28 58 63 47 79 113 59 27 34 44 12 65 62 43 81 44 55 54 77 54 25 51 94 55 74 41 36 83 23 56 49 
30 70 24 92 60 72 13 83 24 81 33 78 94 64 55 18 43 86 27 89 57 33 38 68 46 31 11 97 55 54 68 42 70 27 60 99 53 92 94 80 99 43 97 93 90 80 84 75 14 31 68 53 77 26 54 84 23 90 25 1 36 36 20 34 48 30 40 70 18 97 83 79 76 87 28 49 67 90 91 83 52 45 72 16 58 52 79 79 67 74 89 33 39 46 74 64 51 107 38 46 
43 75 9 92 48 76 1 78 11 76 41 83 91 70 65 33 36 94 17 96 58 43 33 58 47 17 5 96 51 52 56 48 59 34 47 94 53 87 95 84 93 55 92 91 89 89 80 77 24 17 75 39 82 35 44 88 37 89 39 15 48 22 27 29 45 24 33 58 6 94 85 83 76 92 42 51 59 89 91 77 56 47 60 22 47 53 81 84 69 70 90 45 32 53 74 61 60 102 35 38 
24 29 66 65 81 32 57 70 61 72 18 37 75 24 7 42 54 37 56 40 35 16 48 83 31 67 53 70 54 43 89 16 85 25 89 86 37 79 59 39 89 14 82 70 65 32 73 42 35 67 23 88 36 23 71 44 46 62 46 48 16 74 31 48 45 48 53 88 57 76 47 41 48 42 43 29 69 67 62 76 23 27 90 36 75 32 46 34 37 62 57 18 54 14 51 51 6 91 43 60 
39 30 52 48 55 30 46 45 45 46 18 36 53 24 34 49 28 52 38 53 13 26 23 55 3 48 43 53 26 16 63 12 57 20 65 62 11 54 49 37 64 38 59 50 47 47 48 30 34 48 33 66 35 27 45 41 55 46 56 44 34 55 26 25 17 27 28 61 43 55 38 35 31 46 55 4 41 47 47 49 10 1 63 29 48 7 34 39 22 37 44 33 30 14 31 25 25 68 18 34 
93 64 81 34 49 60 83 12 74 9 72 63 20 64 85 100 47 88 66 86 46 81 51 38 52 72 82 35 34 40 50 67 38 73 63 12 44 9 49 61 10 92 12 28 31 85 9 49 83 72 73 72 63 80 45 60 107 35 108 89 89 75 76 55 43 60 50 46 77 22 51 56 39 72 108 53 25 28 38 6 58 56 45 76 43 49 47 70 47 19 45 88 51 67 34 30 76 21 52 46 
60 35 61 32 48 33 59 24 53 25 39 38 33 33 51 69 27 61 45 60 12 47 27 44 19 54 56 37 14 8 54 33 45 40 61 41 10 33 38 38 43 58 38 32 30 57 26 25 52 54 43 65 37 48 39 39 75 30 76 60 55 60 45 31 15 35 29 51 54 36 32 33 19 48 76 18 25 29 32 29 24 22 52 46 40 15 27 44 19 16 33 54 31 33 15 4 42 47 25 31 
80 87 37 82 9 86 45 60 34 55 66 91 74 83 91 75 31 111 32 112 62 73 36 21 57 27 47 85 40 51 12 68 21 62 6 70 57 65 92 92 66 87 70 78 79 107 59 80 61 27 92 15 91 68 16 94 81 81 83 58 81 25 59 36 44 37 32 16 40 77 87 88 74 102 85 61 36 77 84 53 69 60 18 55 16 60 82 96 73 55 87 78 30 72 69 54 82 79 41 25 
34 26 78 65 91 30 69 74 73 77 30 33 77 23 5 53 64 26 68 30 41 28 59 92 40 79 65 70 62 50 100 26 94 37 100 89 44 82 57 35 93 22 85 71 66 21 77 42 47 79 17 99 32 35 82 40 56 63 56 60 26 86 43 59 54 59 63 98 69 78 45 38 49 35 52 37 77 68 62 81 29 36 99 48 85 39 45 28 40 67 55 29 65 23 53 57 13 93 54 70 
89 74 63 56 25 72 67 31 57 26 70 76 44 72 88 91 35 100 50 99 51 78 40 13 52 53 67 57 29 40 25 67 13 68 38 37 47 34 69 75 33 91 38 50 52 96 30 62 74 53 82 48 76 75 24 76 97 55 99 76 87 54 69 44 38 47 38 20 61 47 67 70 54 86 100 54 14 50 58 22 62 56 19 67 21 52 62 82 57 30 64 84 38 69 48 36 79 46 43 31 
97 59 94 22 65 55 94 16 86 19 77 56 7 61 84 107 59 81 78 78 47 85 61 55 57 85 92 21 44 45 67 69 55 78 79 8 48 9 37 54 14 94 5 15 20 79 15 43 90 85 69 88 56 86 60 52 113 24 115 98 92 89 83 66 51 70 61 62 88 7 43 49 34 63 114 55 39 17 26 21 59 60 62 84 59 52 40 63 44 24 34 91 63 69 31 35 76 9 61 59 
68 54 53 45 29 52 54 25 45 22 48 57 39 51 66 72 18 80 37 79 30 57 22 24 30 43 52 49 7 19 35 45 26 47 43 40 25 33 55 57 39 70 39 42 42 76 26 44 55 43 61 49 56 54 21 58 78 44 80 59 66 47 49 26 16 30 21 32 48 42 50 52 37 67 81 32 8 40 46 23 40 34 33 48 22 30 45 63 38 19 50 63 22 47 32 17 57 49 23 17 
77 94 28 94 24 93 38 73 28 69 68 99 87 89 93 69 38 117 30 118 70 73 41 36 63 21 40 97 51 59 27 72 36 62 13 84 64 79 103 100 81 87 84 91 91 112 73 89 58 21 97 2 98 67 28 102 74 93 76 51 81 15 58 40 51 38 37 31 34 90 96 96 84 110 79 67 49 89 95 67 75 65 33 53 29 67 91 103 81 68 97 77 35 76 79 64 85 94 46 34 
85 94 39 89 16 93 48 66 37 62 72 99 80 90 97 79 38 118 37 119 69 79 43 26 64 30 50 92 48 58 15 75 26 67 1 76 64 71 99 99 72 93 76 85 86 114 66 87 66 30 99 11 98 73 23 101 84 88 86 61 87 26 64 43 51 43 39 20 43 83 94 95 81 109 89 68 42 84 91 59 76 67 21 60 22 67 89 103 80 62 94 84 37 79 76 61 89 85 48 33 
15 37 57 71 76 40 48 72 53 73 12 45 79 31 17 32 49 47 49 51 38 6 44 79 30 59 44 76 53 43 85 16 81 17 83 89 38 81 66 48 91 10 85 74 70 42 75 48 26 59 32 81 44 14 67 52 36 68 37 38 8 66 22 42 43 42 48 84 48 80 54 49 53 51 34 30 68 72 68 77 26 27 86 27 71 34 52 44 42 64 63 8 49 16 55 52 14 94 39 56 
81 44 83 14 60 40 81 11 75 16 61 42 10 45 68 92 48 67 66 65 31 69 49 51 41 74 79 17 32 31 64 53 52 63 74 21 33 15 28 40 26 78 17 10 11 65 13 28 75 74 54 81 42 70 53 39 98 14 99 84 76 79 68 53 37 58 50 59 76 12 30 35 19 50 98 40 33 9 17 21 43 44 60 70 53 36 26 49 28 13 23 75 52 53 15 21 60 26 47 49 
19 45 40 71 60 47 31 66 35 66 8 53 75 39 33 27 35 61 32 64 35 11 29 65 24 42 28 76 42 35 69 17 67 2 66 83 33 75 70 55 84 25 80 73 69 56 68 51 12 42 43 64 52 6 52 59 33 68 34 24 19 49 5 27 33 25 33 69 31 77 58 54 53 61 33 26 56 70 69 69 28 22 71 10 56 30 55 53 44 57 66 16 34 21 53 46 27 90 26 41 
90 66 74 41 40 63 76 16 67 12 70 66 28 65 84 95 41 91 59 89 45 78 45 29 50 64 75 42 29 37 41 65 29 69 54 21 43 17 55 65 18 91 21 35 37 88 14 52 78 64 75 63 66 77 37 64 102 41 103 83 87 66 72 50 38 54 44 36 70 30 55 60 43 75 104 51 17 35 44 6 57 54 36 72 35 48 51 73 49 19 50 85 45 66 37 29 76 30 47 39 
37 57 24 72 42 57 19 60 17 59 26 64 72 51 51 36 20 77 12 79 38 31 16 49 27 23 16 76 33 32 51 31 50 20 47 77 33 69 75 65 77 45 74 72 69 72 62 57 19 23 58 44 63 25 35 68 42 69 44 22 39 30 16 11 25 8 17 51 15 75 65 63 56 73 45 31 44 69 71 60 37 28 53 13 39 33 61 66 49 52 70 35 17 35 54 42 44 85 16 25 
90 88 52 77 11 86 59 52 48 48 74 92 66 85 97 88 37 114 44 113 64 82 43 11 61 42 60 79 40 52 4 74 10 70 18 60 58 56 88 91 55 96 60 72 73 109 51 79 72 42 95 29 91 77 19 93 93 76 95 71 90 40 69 44 47 46 38 3 53 69 85 87 72 102 97 64 30 71 79 44 72 65 3 66 16 63 80 97 72 50 83 87 37 77 66 52 88 68 47 31 
67 34 71 22 55 31 69 18 63 21 47 35 24 34 55 78 37 59 55 58 17 55 37 49 27 64 66 26 23 18 61 39 50 49 68 34 19 27 30 34 37 64 30 22 19 56 21 20 62 64 43 74 34 56 47 34 84 20 85 70 62 69 54 41 25 46 39 57 64 26 25 29 12 44 84 25 30 19 22 26 29 30 57 56 48 22 21 41 17 12 24 61 41 39 6 9 47 39 35 40 
110 74 102 36 69 69 103 27 94 28 89 70 21 75 98 119 68 95 87 92 61 98 71 57 69 92 102 33 54 57 69 83 57 91 82 10 61 18 50 68 11 108 13 29 34 94 25 57 102 92 83 92 71 98 66 66 125 38 127 108 106 95 95 75 62 80 70 64 97 21 57 63 49 77 126 69 45 31 40 27 72 72 63 96 64 65 55 77 59 35 48 104 72 82 45 47 90 6 71 67 
90 58 83 27 53 54 83 7 75 8 69 56 13 58 80 98 48 82 67 79 41 78 51 43 49 73 82 28 33 37 56 63 43 70 67 11 41 3 42 55 13 89 9 21 24 79 4 42 81 73 67 76 56 78 48 54 105 28 106 88 86 77 74 55 41 60 51 51 77 16 44 50 33 65 106 49 27 21 31 9 53 52 50 75 47 45 41 63 41 15 38 84 52 63 28 27 71 19 51 47 
37 23 80 63 91 28 71 73 74 75 32 30 75 21 8 55 64 23 69 27 40 30 59 92 40 80 67 68 62 50 100 27 94 39 101 88 44 81 54 33 92 25 84 69 64 18 76 39 50 80 14 100 29 38 82 37 59 60 59 62 29 87 45 60 54 60 64 98 71 76 42 36 47 32 55 36 76 66 60 80 29 36 99 50 85 39 43 25 38 66 53 32 66 23 51 56 13 91 54 71 
94 60 87 27 57 56 88 11 79 12 73 58 11 61 83 103 52 83 72 81 45 82 55 47 53 78 86 26 38 41 59 67 47 75 71 6 45 1 42 56 10 92 4 20 24 81 9 44 86 78 69 80 58 82 52 55 109 28 110 92 90 81 78 60 45 64 55 54 82 13 46 51 35 66 110 52 31 21 30 13 57 56 54 79 51 49 42 65 44 19 38 88 56 67 30 31 75 14 55 52 
90 62 78 35 46 59 79 11 70 7 69 62 21 62 82 97 44 87 63 85 43 78 48 35 49 68 78 35 30 37 48 64 36 70 60 15 41 10 49 60 14 90 15 28 31 84 8 47 80 68 71 69 61 77 42 59 103 35 105 85 86 71 73 52 39 56 47 43 73 24 50 55 38 71 105 50 21 28 38 3 55 53 42 73 40 46 46 68 45 16 44 85 48 65 33 27 74 24 48 42 
20 71 44 100 79 73 33 95 44 94 35 79 104 65 49 3 59 80 46 84 64 30 53 87 54 51 31 105 69 64 87 44 89 32 80 112 62 104 98 81 113 33 109 102 98 75 97 79 20 51 66 73 78 25 72 86 4 97 5 20 28 56 27 50 60 46 56 89 38 107 86 82 82 86 8 56 82 99 98 97 56 51 91 27 77 59 84 78 72 86 94 26 56 47 82 75 48 119 52 63 
74 22 99 29 91 19 94 51 92 55 58 14 45 28 49 90 70 32 84 28 38 63 67 86 48 95 90 32 58 48 98 49 88 64 105 59 44 55 15 11 65 65 55 36 32 32 53 19 78 95 29 109 15 68 83 7 95 28 96 90 66 101 71 71 56 74 71 94 90 44 12 12 25 13 93 44 67 35 25 60 39 47 95 75 84 42 17 18 27 49 17 67 73 46 31 45 45 59 63 74 
20 51 35 76 59 53 26 69 31 69 14 59 79 45 38 23 35 67 28 70 40 16 29 65 29 38 22 80 44 39 68 23 67 8 64 86 37 78 75 61 87 29 83 77 74 62 71 57 6 38 49 60 58 9 51 65 29 73 30 18 22 44 1 26 35 24 33 68 26 82 64 60 58 67 31 31 58 74 74 71 33 27 70 5 55 34 61 60 49 61 71 19 33 27 58 50 33 93 27 41 
101 65 94 29 63 61 95 18 86 19 80 62 13 66 89 110 59 87 79 84 51 88 62 52 60 85 93 27 45 48 64 73 52 81 77 2 51 9 43 60 8 98 4 21 26 85 16 49 93 85 74 86 62 89 59 58 116 30 117 99 96 88 86 67 53 71 62 59 89 14 49 55 40 69 117 59 38 23 33 19 63 63 59 86 57 55 46 69 49 26 40 95 64 73 36 38 81 7 62 59 
43 20 84 60 93 24 76 71 78 74 36 25 72 19 14 61 67 17 73 21 40 36 62 93 41 84 72 64 63 51 102 30 95 43 103 85 44 79 50 28 90 31 81 65 60 12 74 36 55 84 10 103 25 43 84 32 65 57 65 67 35 91 50 62 55 64 66 99 75 73 38 32 45 26 61 38 77 63 56 79 30 38 101 55 87 40 40 20 36 65 49 37 68 26 49 56 17 88 57 73 
26 69 30 94 65 71 19 85 30 84 32 77 96 63 52 12 47 83 32 86 58 30 42 74 47 37 17 98 59 56 74 41 75 26 66 102 55 94 94 79 103 38 100 95 92 78 87 75 12 37 66 59 76 23 59 83 17 91 19 6 32 42 20 38 50 34 44 75 24 99 83 79 77 85 22 50 71 92 92 86 52 45 77 17 63 53 79 77 67 77 90 29 44 45 76 66 49 110 41 51 
63 82 15 88 28 82 24 70 13 66 54 89 83 77 80 55 29 105 16 106 60 59 31 39 51 6 26 92 44 51 34 59 40 48 24 83 54 77 95 89 81 72 82 86 85 99 70 79 43 6 85 16 88 52 27 92 60 86 62 37 66 3 43 28 42 26 28 37 19 86 87 87 76 99 65 56 47 84 89 66 63 54 39 39 30 56 83 92 72 63 90 63 26 63 72 57 72 92 35 27 
82 88 39 82 8 86 48 59 36 55 68 92 73 84 92 77 32 112 34 113 63 75 38 19 58 29 49 85 41 52 10 70 20 63 6 69 57 64 92 92 65 89 69 78 78 108 59 80 63 29 93 16 91 69 16 94 83 81 85 60 83 27 61 38 45 38 33 14 42 76 87 88 74 103 87 62 35 77 83 52 70 61 16 57 15 61 82 97 73 55 87 80 31 73 69 54 84 78 43 26 
69 97 91 65 61 16 89 36 52 8 80 43 37 0 43 71 54 43 89 98 73 92 91 45 79 29 98 49 97 93 25 20 73 94 21 38 5 0 86 0 54 48 62 51 1 45 16 96 40 13 91 43 8 66 62 87 34 53 22 5 2 87 63 99 76 71 80 86 16 7 99 89 25 63 75 53 28 6 6 62 3 66 21 36 56 91 30 34 59 83 70 82 79 98 47 46 83 79 96 85 