40 100 5
39 21 94 47 40 82 26 23 25 70 53 99 13 34 30 73 50 50 36 21 51 73 50 63 78 85 16 69 93 75 92 22 22 74 68 49 74 74 39 24 98 50 59 82 63 74 81 79 72 11 53 58 80 53 65 66 50 70 78 44 68 61 57 16 63 56 57 73 71 58 75 91 22 29 59 52 81 46 29 38 48 69 78 19 88 13 18 90 78 46 14 69 61 83 35 17 9 28 62 77 
46 19 74 21 54 67 20 25 40 45 37 82 16 13 42 59 24 24 12 27 59 47 28 73 52 59 36 49 79 56 74 30 22 57 53 30 81 54 14 35 81 43 42 67 52 71 62 53 70 34 61 62 55 50 43 59 62 72 55 18 47 54 38 39 45 33 64 60 61 40 85 69 27 8 52 27 67 35 15 19 54 44 70 9 73 38 35 67 75 25 40 80 37 57 34 27 35 45 36 71 
78 44 69 18 88 75 40 48 64 13 52 83 51 37 76 69 17 17 31 61 91 26 37 104 21 30 72 51 86 58 74 53 45 63 64 43 110 56 22 58 83 67 53 75 69 93 61 20 93 69 92 90 35 75 40 80 95 98 46 17 47 76 45 69 53 8 95 72 76 52 115 60 61 38 74 25 75 56 33 40 84 9 88 41 80 71 70 59 96 38 74 111 4 30 64 62 69 70 18 89 
72 84 8 52 86 24 84 91 105 54 35 22 73 53 79 26 50 51 54 71 79 38 37 89 53 48 86 17 30 13 14 95 87 19 27 37 85 12 59 100 23 49 29 24 37 58 7 56 60 88 79 71 32 55 23 48 87 70 16 59 19 48 29 102 25 68 79 30 37 30 95 8 70 59 47 42 25 45 77 48 72 62 47 74 26 99 83 8 60 41 96 94 65 44 61 75 92 110 44 50 
14 69 75 69 22 52 74 74 78 91 41 70 48 51 25 45 70 71 56 34 9 83 53 19 96 98 40 57 59 58 67 75 72 52 44 48 23 59 67 78 69 23 46 52 33 25 63 98 23 46 9 4 85 16 63 25 17 17 73 71 60 23 51 67 49 88 9 42 36 45 28 78 33 51 23 65 51 33 72 47 5 94 34 59 56 60 37 77 28 51 51 25 90 95 24 37 52 81 77 32 
25 81 88 84 25 63 85 85 87 105 56 81 60 65 33 57 85 85 71 46 12 98 68 6 111 113 48 71 68 71 79 85 83 65 57 62 11 73 81 87 79 38 60 63 46 31 76 113 28 54 10 13 100 30 77 36 15 18 88 85 74 36 65 75 63 102 7 54 48 60 14 91 45 65 36 80 62 48 84 61 17 109 42 71 66 68 45 91 33 66 58 10 105 110 38 48 59 89 92 39 
61 13 106 49 62 98 16 8 8 68 68 113 29 45 52 89 53 52 44 42 73 76 60 85 76 85 38 81 110 88 105 3 11 88 84 62 96 86 41 3 113 69 73 98 81 95 93 76 93 32 75 79 84 73 75 85 72 92 87 44 79 80 69 17 76 50 79 90 89 72 97 101 43 39 78 58 97 63 24 50 70 64 97 24 104 22 40 99 99 57 31 91 56 84 55 38 28 14 64 97 
13 46 86 58 14 67 51 50 52 82 44 86 26 39 2 58 60 60 44 13 23 79 49 35 89 93 14 62 77 66 80 50 49 62 55 45 46 66 52 52 84 32 50 67 47 50 72 90 48 20 25 30 84 31 63 45 22 44 76 57 63 40 52 41 54 74 29 57 53 49 47 85 14 36 39 58 66 34 51 38 21 83 56 38 72 34 10 84 54 46 25 41 77 90 18 14 25 54 70 54 
10 64 73 64 21 51 68 69 74 86 37 69 43 45 21 43 65 66 51 29 11 79 48 24 91 94 37 53 58 55 65 70 67 49 41 43 28 56 61 73 67 19 42 51 31 27 60 93 25 42 12 9 81 13 59 25 19 21 70 66 56 21 47 63 45 83 13 40 35 41 33 75 28 46 21 60 50 28 66 41 4 89 35 54 55 56 33 74 31 46 48 30 85 90 18 32 48 77 72 33 
21 51 97 68 12 78 57 54 52 92 56 97 34 50 12 70 70 71 55 24 26 90 61 34 99 104 15 74 87 78 91 53 53 74 66 57 48 78 62 53 95 43 62 78 58 57 84 101 55 20 28 36 95 41 75 54 21 49 88 67 75 50 64 39 66 82 32 68 64 61 46 97 24 47 49 69 77 46 58 50 28 93 65 45 83 32 14 96 61 57 22 40 87 102 30 22 25 53 81 63 
99 72 65 41 111 80 68 76 92 17 66 81 77 60 99 77 39 38 55 85 112 24 53 125 10 12 97 57 89 63 74 81 73 69 73 59 127 59 48 86 82 83 64 80 81 106 63 9 107 96 113 109 27 92 47 93 117 114 44 43 53 90 57 97 63 34 115 81 86 64 134 55 85 63 88 41 80 74 61 61 104 20 98 69 84 98 96 54 109 55 101 131 28 15 85 87 96 98 29 101 
64 87 17 60 78 9 88 94 107 66 33 13 73 55 72 15 58 59 58 68 69 51 41 78 67 62 83 21 15 14 7 98 90 12 18 38 72 16 65 103 13 41 27 9 27 44 11 70 46 86 69 60 47 45 32 35 77 57 30 66 25 37 31 102 23 78 68 18 24 28 82 23 66 61 37 50 10 40 82 50 62 74 33 76 10 98 79 23 45 44 93 82 76 59 55 72 90 112 54 36 
79 47 67 19 89 74 43 51 67 10 52 81 53 38 78 68 18 17 33 63 92 23 37 106 17 27 74 50 85 57 73 56 48 62 64 43 110 54 24 61 82 67 52 74 69 93 60 17 93 71 94 91 32 76 39 80 96 98 44 19 46 76 45 72 52 11 96 72 76 51 116 58 63 40 74 24 74 57 36 41 85 6 88 44 79 73 73 57 96 38 77 112 6 26 65 64 71 73 16 89 
31 80 62 71 41 37 83 85 92 89 37 54 59 55 41 32 71 72 60 46 28 79 51 33 93 94 57 48 41 47 52 87 83 40 32 46 27 49 71 91 52 22 39 37 23 7 51 96 5 62 27 17 79 15 57 11 36 12 65 74 52 13 46 82 41 91 25 28 21 39 37 66 45 57 15 64 36 32 80 49 23 94 16 68 39 76 52 66 11 51 68 36 92 90 33 50 67 95 75 13 
58 3 93 35 62 87 3 7 23 54 56 101 23 32 51 78 38 38 30 37 71 61 47 84 62 71 39 68 99 75 93 12 3 76 73 49 93 74 27 17 101 60 61 87 71 88 81 62 87 34 73 75 70 66 61 77 71 87 73 29 66 72 57 28 64 36 76 79 79 60 96 87 38 27 70 44 86 53 9 39 67 50 88 13 92 30 40 86 92 44 37 90 42 69 49 35 32 29 50 89 
49 14 100 47 50 89 20 14 16 69 59 105 19 38 40 80 50 50 39 30 61 74 54 73 77 85 26 74 101 81 98 13 15 80 75 54 84 80 39 14 105 58 65 89 71 83 87 77 82 20 63 67 82 62 69 75 60 80 82 43 73 69 62 12 69 53 67 80 79 64 85 95 32 32 68 54 89 53 25 43 58 66 86 19 95 13 28 94 88 50 21 79 58 83 44 27 16 20 63 86 
31 71 50 58 44 27 74 77 86 75 23 46 51 43 40 20 58 59 48 41 34 65 38 43 79 79 54 34 35 34 42 79 74 27 19 32 40 36 58 83 44 12 25 27 9 18 39 82 18 58 34 25 65 11 42 5 42 25 51 62 38 2 32 77 27 78 33 17 12 25 49 54 39 46 3 51 26 20 70 37 27 81 16 59 31 72 50 53 22 37 65 48 79 76 26 45 63 90 61 16 
50 32 62 10 61 58 31 38 53 34 29 71 27 9 49 50 12 13 4 34 63 34 17 77 41 47 47 37 70 45 62 42 34 47 45 21 82 43 8 48 70 41 33 58 46 68 50 42 67 46 65 63 41 49 30 55 67 72 42 12 35 51 27 53 35 29 67 52 54 31 88 56 34 12 49 13 58 31 24 14 57 35 65 22 64 51 45 54 72 15 52 83 31 45 36 36 47 59 23 66 
13 50 67 48 26 48 54 56 63 71 26 67 29 30 18 39 50 50 36 17 25 65 34 38 77 80 30 44 58 47 61 57 53 43 36 30 44 48 46 61 65 13 32 48 28 36 53 79 35 34 26 25 69 15 47 28 30 35 59 50 45 23 35 54 36 67 29 38 35 31 49 67 16 30 21 45 47 16 51 26 18 74 40 39 53 48 26 66 41 32 41 45 70 77 3 21 39 66 58 39 
82 52 65 22 93 73 48 56 72 5 53 79 57 41 81 68 21 20 36 67 95 20 38 108 12 22 78 49 84 56 71 61 53 61 64 44 112 53 28 66 80 69 52 73 69 94 58 12 94 76 96 93 28 77 38 81 99 100 41 23 45 77 45 77 52 16 98 72 76 52 119 55 66 44 75 26 73 59 41 44 88 5 88 49 78 78 76 54 97 40 81 115 10 22 68 68 76 78 15 90 
53 90 38 70 66 13 92 97 107 82 36 27 72 60 63 16 69 70 64 63 54 69 49 60 84 81 76 35 14 30 27 100 94 23 21 45 53 33 73 104 25 34 33 13 21 24 31 87 26 81 54 44 66 33 46 20 62 37 49 75 40 24 40 99 32 90 52 13 12 34 63 45 62 64 26 61 13 38 87 53 48 89 12 78 13 94 72 45 24 51 88 63 89 78 49 67 86 111 69 15 
48 14 79 24 55 72 15 21 35 47 42 87 16 18 43 64 27 27 16 29 62 50 33 75 55 62 36 54 84 61 79 25 17 62 58 35 84 59 16 30 86 47 47 72 57 75 66 55 74 33 64 65 58 54 47 64 64 76 60 20 52 59 43 35 50 33 67 65 65 45 87 73 29 13 57 31 72 39 11 24 57 45 75 5 78 35 35 72 79 30 38 82 38 60 37 28 33 41 39 75 
29 32 93 53 28 78 37 35 35 77 51 96 17 37 19 69 56 56 41 15 40 78 51 51 85 91 4 68 89 74 89 34 34 71 65 49 63 73 46 35 95 44 57 78 58 66 80 86 64 3 42 48 84 46 67 59 38 61 80 51 68 54 57 23 61 65 46 68 66 56 63 91 17 32 52 56 77 43 40 39 38 76 71 27 84 17 7 90 70 47 10 58 70 88 29 11 8 37 67 70 
35 26 94 50 35 80 31 28 29 73 52 98 14 35 25 71 53 53 38 18 46 75 50 57 81 88 11 69 91 74 91 28 28 72 66 49 69 74 42 29 97 47 58 80 61 70 80 82 69 6 48 53 82 50 66 63 45 66 79 47 68 57 57 19 62 60 52 71 69 57 70 91 19 30 56 54 80 44 34 38 44 72 74 22 86 13 13 90 74 46 11 64 65 86 32 14 6 32 64 74 
11 61 69 59 24 47 65 66 72 81 32 66 40 41 21 39 60 61 47 26 16 74 43 29 86 89 36 49 56 50 62 68 64 45 37 38 33 52 57 71 64 15 37 47 27 27 56 88 25 41 17 13 76 9 54 22 23 24 65 61 51 18 42 62 41 78 18 37 32 36 38 71 25 41 18 55 46 23 63 37 9 84 33 50 52 55 32 70 31 41 47 35 80 85 14 30 47 75 67 32 
54 50 43 19 67 43 50 56 71 32 20 53 42 21 56 36 17 18 20 44 65 24 7 78 37 39 59 20 54 27 45 61 53 31 31 12 81 25 24 66 53 37 19 43 36 61 32 39 61 59 67 62 28 45 11 47 71 67 24 25 17 44 12 70 20 38 68 39 43 19 88 37 43 26 42 9 42 27 42 18 58 38 55 40 48 67 56 36 64 10 66 85 37 36 40 47 62 77 18 57 
18 59 96 73 4 75 64 62 61 97 56 94 41 54 14 67 75 75 59 28 18 93 63 25 103 108 23 74 84 77 89 61 61 72 64 59 39 78 67 62 92 41 62 75 55 51 83 105 49 29 20 29 98 38 77 50 13 42 89 72 76 46 65 48 66 88 24 65 60 61 37 97 29 51 46 72 74 46 65 53 22 98 60 52 80 41 21 96 55 60 31 31 92 105 31 28 33 62 85 58 
46 69 32 46 60 17 71 76 88 59 14 33 54 38 53 8 45 46 41 48 53 47 25 63 62 60 63 14 29 13 26 79 72 8 3 21 61 15 49 84 32 23 9 17 12 36 19 64 37 66 53 46 45 29 24 23 60 46 31 52 18 22 16 82 8 66 53 11 16 10 70 34 47 43 22 37 16 21 65 31 45 66 28 57 22 78 59 33 39 27 73 68 65 57 36 52 70 93 45 30 
34 57 45 40 48 30 59 64 75 57 6 47 40 27 40 21 40 41 31 34 43 48 20 55 62 63 49 22 41 25 40 67 60 22 16 14 56 26 41 71 46 13 10 30 13 36 32 64 36 52 44 38 50 21 27 23 50 42 38 44 24 19 15 69 14 60 45 21 22 9 63 45 33 31 17 33 29 7 54 20 35 63 32 45 35 64 45 44 40 19 60 61 61 59 22 38 56 79 44 33 
20 37 86 51 22 70 42 41 44 76 44 88 18 34 11 61 54 54 38 8 32 74 46 44 83 88 8 61 80 66 81 41 40 63 56 43 55 66 45 43 86 35 50 70 49 56 72 84 55 12 34 39 80 36 61 50 32 52 74 50 62 45 50 33 54 66 38 60 57 49 56 85 9 30 43 53 69 35 43 34 29 76 61 29 75 26 4 83 60 42 19 51 70 85 20 6 17 46 65 60 
49 85 39 66 61 13 88 92 102 79 31 30 67 55 59 13 65 66 59 58 50 66 45 57 81 79 72 33 18 28 28 95 89 21 17 40 50 31 69 99 28 29 29 13 16 22 30 84 24 76 50 40 64 29 43 16 58 35 47 71 37 20 36 94 28 86 48 9 7 30 60 45 57 59 21 57 13 34 83 49 44 86 10 73 15 89 67 45 23 46 83 60 85 76 44 62 81 106 66 13 
84 68 46 32 97 60 65 73 89 16 48 62 67 47 86 57 29 29 43 73 95 6 37 108 13 9 86 38 69 43 54 78 69 49 54 42 110 40 40 83 63 66 45 60 62 87 43 16 88 86 97 92 8 74 28 74 101 96 24 37 34 72 39 92 44 36 98 61 67 45 117 36 72 51 70 28 60 57 57 47 88 25 79 61 64 91 84 35 90 40 92 114 31 6 70 75 87 95 17 81 
64 17 84 23 71 82 13 21 37 39 53 94 31 29 59 74 26 26 25 44 77 48 41 91 47 56 50 61 94 68 86 26 18 70 68 44 99 66 17 31 94 61 56 82 69 89 73 47 88 46 79 80 57 68 52 77 79 90 62 17 58 72 51 43 59 21 83 76 77 55 103 77 45 26 70 33 81 52 7 35 72 35 87 19 87 45 50 76 93 38 50 98 27 55 53 43 45 43 37 88 
58 33 63 3 68 62 31 39 55 27 35 73 33 17 56 55 6 6 11 42 71 29 21 85 34 41 53 40 74 47 65 44 35 50 49 26 90 45 5 49 73 48 37 62 52 75 52 35 74 52 73 71 38 56 31 62 75 79 41 5 37 57 31 56 39 21 75 57 60 36 95 56 42 19 56 12 62 38 24 21 64 28 71 26 68 56 52 54 79 20 58 91 23 39 44 43 53 61 18 72 
29 49 53 36 42 39 51 55 66 57 11 56 31 20 33 30 37 38 25 25 40 50 19 53 62 65 40 29 50 34 49 58 52 31 25 14 56 34 36 62 55 13 17 39 21 40 40 64 40 43 41 37 53 21 31 28 46 44 43 40 30 23 19 59 22 56 43 30 30 16 62 52 24 23 21 31 38 3 47 14 32 61 39 37 45 55 37 51 44 17 51 59 58 61 15 29 47 70 43 39 
62 26 73 12 71 72 23 31 47 30 44 84 32 23 59 65 15 14 17 44 75 37 31 89 38 46 53 50 84 58 75 36 28 60 59 35 96 55 7 41 84 55 47 72 61 83 62 38 82 50 77 77 46 63 41 70 78 86 51 6 47 65 41 51 49 16 80 67 69 46 100 66 44 22 64 22 72 45 16 28 69 28 80 22 78 52 52 64 87 29 55 96 21 45 49 44 50 53 25 81 
65 86 15 57 79 11 86 92 105 63 32 15 72 54 73 16 55 56 56 67 70 48 39 79 64 59 82 19 18 11 7 96 89 11 18 37 74 14 63 101 15 42 26 11 28 47 8 66 48 85 70 62 43 46 29 37 78 59 27 64 22 38 29 101 22 75 69 19 26 27 84 21 66 59 38 47 12 40 80 48 63 71 35 74 13 97 78 21 48 42 93 83 73 56 55 71 89 110 51 38 
81 66 44 30 94 58 64 71 88 17 45 60 65 45 83 55 27 27 41 70 93 4 34 105 15 12 84 35 67 40 52 77 68 47 51 39 107 37 39 82 61 63 43 58 59 84 41 18 85 83 94 89 7 72 25 71 98 93 22 35 31 69 36 90 41 36 95 59 64 42 114 35 70 49 67 25 58 54 56 44 85 26 76 59 62 89 82 34 87 37 90 111 31 8 67 73 85 94 15 79 
66 73 21 40 80 29 72 79 93 43 27 33 63 42 71 27 38 39 42 62 74 28 26 86 44 40 77 9 38 12 25 83 75 19 25 27 84 9 47 89 34 44 21 29 35 59 12 47 60 79 75 68 24 51 11 46 81 69 8 47 8 45 19 91 18 56 75 31 37 22 93 15 61 48 44 30 29 37 65 38 67 51 49 62 33 88 74 14 61 30 86 91 54 36 53 65 82 99 32 52 
32 65 46 49 46 26 67 71 81 66 14 44 46 35 40 17 49 50 40 38 39 56 29 49 70 71 52 27 36 27 39 74 68 22 14 23 48 29 50 78 43 9 16 26 6 27 33 73 27 55 39 32 57 15 34 14 46 34 43 53 30 10 23 74 19 69 39 16 14 16 57 48 36 39 8 42 25 13 62 29 31 72 23 53 31 69 48 47 30 29 63 55 70 67 24 42 60 85 52 24 
61 9 86 77 3 56 98 8 60 1 27 74 23 7 24 55 27 11 25 0 93 0 86 97 64 67 50 89 18 88 19 58 33 61 89 17 11 25 51 32 87 87 18 8 4 85 46 94 93 75 65 37 37 77 41 30 28 21 40 87 63 48 82 33 85 99 23 56 30 95 22 27 30 34 61 36 70 33 83 62 71 2 39 5 16 83 74 18 33 79 30 35 8 12 12 64 23 16 76 12 