40 100 5
11 60 90 41 63 94 79 80 93 78 71 62 39 69 43 42 37 28 49 49 22 64 34 47 80 62 67 58 78 9 68 106 59 93 58 70 72 59 10 44 78 32 82 37 37 108 56 72 56 89 105 64 100 54 107 94 55 32 51 80 94 39 15 44 55 34 64 60 18 84 61 71 39 53 50 42 97 90 49 63 111 61 32 34 104 14 59 48 25 86 67 57 76 27 68 57 74 13 56 30 
96 44 44 54 80 14 19 46 33 40 74 97 73 73 88 51 55 90 78 87 76 92 61 45 46 56 77 85 75 82 30 51 42 57 89 66 20 45 83 80 67 64 43 54 78 47 55 65 46 55 40 33 15 37 53 6 50 88 61 53 22 52 82 63 62 74 64 54 95 65 44 33 88 65 66 73 48 41 45 53 50 53 66 57 44 95 32 62 100 29 47 69 43 74 27 88 83 79 35 62 
72 17 31 39 77 25 10 54 50 48 74 91 61 72 77 27 32 64 70 78 51 87 45 22 27 54 75 79 77 60 29 69 15 68 82 66 21 40 62 70 71 39 52 36 51 67 29 66 41 66 61 6 41 21 71 33 43 61 54 60 43 32 58 37 35 60 63 51 70 71 41 37 76 59 59 62 63 29 32 52 70 27 41 37 64 71 16 35 75 19 23 65 49 48 25 81 82 58 14 44 
61 14 38 30 70 36 21 53 53 47 69 83 52 67 68 16 21 54 62 69 41 80 35 11 32 49 69 72 73 49 28 71 10 68 74 62 24 36 51 62 67 28 52 26 43 70 24 62 35 65 65 7 48 13 73 41 38 52 47 58 48 22 47 28 30 51 58 46 59 69 37 36 67 52 51 54 65 37 24 47 74 24 30 26 67 60 11 27 64 29 23 58 48 38 25 74 77 47 5 34 
35 29 58 24 64 63 47 63 70 59 67 72 40 65 54 10 6 31 52 57 15 70 22 16 49 51 65 63 73 23 43 87 27 78 64 62 45 41 27 49 70 5 64 16 25 87 28 63 39 74 83 32 72 26 88 65 39 30 43 66 69 14 21 18 29 37 57 48 34 74 43 49 51 47 45 43 79 58 27 50 91 31 7 12 83 34 30 22 40 53 37 53 58 14 42 63 73 23 26 18 
81 41 54 36 60 32 26 29 24 23 54 76 53 53 68 40 43 79 57 66 64 72 43 34 52 36 57 64 56 66 9 43 38 43 68 46 5 24 66 60 49 52 27 38 70 42 52 45 26 40 36 31 25 23 45 21 29 78 40 36 21 36 68 56 58 54 44 34 82 47 23 13 68 44 46 52 37 52 27 33 45 52 54 41 38 81 19 56 88 40 48 49 25 62 7 68 63 63 25 45 
71 59 81 24 28 64 55 19 36 18 24 45 27 22 39 46 44 77 27 36 60 40 29 42 76 4 25 33 28 55 23 45 55 31 36 16 34 10 52 31 22 53 21 32 73 47 67 16 10 28 46 51 52 32 46 52 9 77 12 19 42 34 61 64 71 30 13 2 74 25 9 19 40 14 16 25 36 79 23 2 51 68 56 36 44 72 35 66 82 68 68 17 16 61 28 36 32 50 40 34 
99 59 66 51 65 37 38 26 10 22 57 83 64 56 78 59 61 98 66 75 82 77 58 52 66 42 61 71 56 83 24 28 55 34 75 48 23 36 82 70 48 71 23 55 88 25 70 47 38 33 19 48 14 41 30 18 40 96 50 33 3 54 86 75 76 67 49 41 99 44 33 21 79 53 55 63 25 63 43 39 28 69 73 59 22 99 38 74 106 51 65 56 25 81 25 75 65 79 44 61 
84 51 65 36 52 41 36 19 17 13 46 70 49 45 63 46 48 84 52 61 68 64 43 40 63 29 49 58 47 68 10 35 47 32 61 37 15 20 67 55 39 58 17 40 76 34 61 36 22 30 30 40 27 28 36 27 25 83 35 26 18 40 72 64 67 51 36 27 85 37 18 6 64 39 40 48 28 62 28 26 38 61 60 44 31 84 27 64 92 50 58 42 15 67 13 61 54 64 33 46 
10 56 83 52 82 95 79 93 103 89 88 82 57 86 63 43 39 10 67 68 18 83 46 49 73 77 85 78 95 22 76 118 56 107 77 86 78 70 27 63 94 30 94 46 24 119 49 88 68 103 115 63 105 59 119 99 67 14 67 94 102 46 14 36 46 52 81 74 2 100 73 81 59 69 66 60 109 84 58 77 122 53 29 42 115 7 64 40 6 83 61 74 88 21 75 76 92 27 59 42 
50 11 40 36 78 50 35 68 70 62 79 88 57 77 71 13 17 39 67 73 29 86 38 15 30 61 78 78 84 41 44 88 11 83 80 73 41 48 46 66 79 18 67 29 26 87 10 74 47 80 82 19 65 26 90 57 48 36 55 72 65 25 36 11 14 54 68 57 46 82 50 52 69 60 59 59 81 40 34 59 91 13 18 27 84 48 27 10 50 37 18 66 63 25 41 79 86 42 21 34 
84 33 40 44 74 18 11 44 36 38 69 90 64 68 79 39 43 78 70 79 64 85 50 33 39 50 72 78 71 70 23 55 30 57 81 61 12 37 71 72 64 52 42 43 66 52 44 60 39 55 46 22 25 26 57 17 42 76 53 51 28 40 70 52 51 64 59 48 82 63 37 29 79 57 58 64 50 37 35 47 56 43 54 45 49 83 20 50 88 25 38 62 40 62 19 81 78 67 23 51 
39 66 95 30 36 90 77 59 76 59 44 35 14 42 16 46 41 53 21 21 40 36 23 48 87 39 40 31 51 26 55 85 63 70 30 45 63 42 20 16 52 43 62 32 58 88 67 47 40 67 87 65 88 48 86 85 37 56 29 58 80 36 36 57 68 10 40 39 45 59 44 56 12 29 26 17 77 95 38 42 91 71 44 32 85 41 54 61 52 87 75 31 56 44 57 29 47 22 54 25 
108 61 62 62 79 30 37 40 22 36 71 97 77 70 91 65 68 104 80 89 89 91 69 59 64 56 75 85 70 93 35 36 58 47 89 62 30 48 93 83 62 78 37 64 93 32 72 61 50 46 24 50 3 49 38 12 53 102 63 47 11 63 94 79 79 79 63 55 108 57 46 34 92 66 68 76 36 59 53 53 34 71 80 68 30 107 44 78 114 47 65 69 39 88 34 88 79 89 49 71 
63 35 57 17 50 45 32 34 39 28 48 65 37 47 53 25 26 62 44 52 46 61 24 20 52 29 49 53 52 47 12 56 31 49 56 41 17 15 47 45 46 36 34 19 55 56 43 41 15 46 52 27 44 8 57 39 17 61 28 38 39 18 50 43 48 37 37 25 63 48 16 18 52 33 33 37 48 55 8 27 59 44 38 22 52 63 11 44 70 45 44 38 29 45 12 55 56 44 16 26 
65 17 38 31 69 33 18 50 49 44 68 83 53 66 69 20 24 58 62 70 45 79 36 14 33 48 68 72 71 52 25 68 13 65 74 60 20 34 54 62 65 32 49 28 47 66 28 60 34 62 61 8 44 13 70 37 36 56 46 55 44 24 51 33 34 52 56 45 63 66 35 33 68 51 51 54 61 37 24 46 70 27 34 28 63 64 9 32 68 28 25 57 45 42 21 74 76 50 5 35 
76 85 110 44 2 94 84 41 60 44 11 17 27 11 24 68 65 88 16 18 73 11 44 66 104 26 6 8 17 62 53 61 81 44 11 18 64 39 56 21 22 71 44 52 89 66 90 20 38 41 68 79 80 59 62 81 35 90 26 35 69 55 71 84 94 32 18 28 82 30 39 49 28 21 22 24 54 108 48 29 68 93 73 55 64 78 63 87 89 98 94 14 41 76 57 12 9 57 67 49 
36 58 87 22 39 83 69 56 71 55 45 41 14 43 23 38 33 48 24 27 34 41 15 39 79 37 42 35 52 21 49 82 55 68 35 44 56 36 16 20 52 35 58 24 51 84 59 46 34 64 83 57 82 40 83 78 32 50 26 55 74 28 31 49 60 9 39 36 41 59 39 50 20 27 24 17 73 86 31 38 88 62 36 24 81 38 46 53 49 79 67 31 52 37 50 34 49 16 46 16 
61 56 81 17 27 67 56 29 45 28 26 41 17 25 31 41 38 68 21 30 52 37 20 38 75 10 26 29 32 45 28 55 52 41 32 21 38 12 42 23 29 46 31 25 66 57 62 22 11 38 56 50 59 30 56 57 8 69 4 28 50 28 52 58 66 21 16 8 65 34 14 26 32 8 9 16 46 79 19 11 61 65 48 29 54 63 35 61 73 69 66 14 25 53 31 32 34 40 38 25 
77 21 30 43 79 20 5 54 48 48 76 94 65 74 81 32 37 69 73 81 57 90 49 27 27 56 77 82 79 65 30 67 19 68 85 68 21 43 67 74 72 44 52 41 56 65 33 68 43 66 58 11 37 25 69 29 46 66 57 60 41 37 63 41 39 64 65 53 75 72 43 37 80 62 62 66 62 27 36 54 68 31 46 42 62 76 19 39 80 16 25 67 50 53 25 85 84 63 18 49 
45 22 45 46 88 61 47 81 84 76 90 95 64 88 77 23 25 30 75 81 26 94 46 28 35 72 88 87 95 41 58 102 23 96 88 84 55 60 47 73 91 20 81 38 15 101 11 85 59 93 96 32 79 40 104 71 60 26 66 85 79 35 33 5 7 60 79 69 40 94 63 65 74 70 68 67 95 46 46 71 105 15 19 35 98 42 41 4 42 46 23 76 76 21 55 87 97 43 34 41 
80 23 10 64 104 38 31 84 78 77 103 117 86 101 101 43 48 65 95 103 59 114 67 42 3 83 103 106 107 73 59 97 26 98 108 95 50 69 77 95 100 49 82 58 50 94 25 95 69 95 88 28 64 48 99 55 72 61 81 90 70 54 67 38 28 83 92 80 75 101 70 67 99 86 85 87 92 13 59 81 98 21 49 57 91 77 44 34 77 20 14 92 79 55 55 107 111 73 39 65 
45 61 89 21 30 82 69 49 65 48 37 35 5 35 18 41 37 56 16 20 41 34 16 42 81 29 33 27 44 30 45 75 57 60 28 36 54 31 25 13 44 41 51 25 58 78 63 38 29 57 77 58 78 40 76 75 26 58 19 48 70 30 39 55 65 0 31 29 50 50 34 46 16 19 16 9 66 88 29 31 81 66 42 27 75 47 46 59 58 80 70 23 46 45 47 27 41 25 47 19 
62 23 46 24 62 38 24 44 46 38 60 75 45 58 62 18 21 58 54 62 43 72 29 12 40 40 61 64 64 48 20 64 19 59 66 53 18 27 49 54 58 31 43 21 48 63 32 53 26 56 58 15 44 5 66 38 29 56 38 49 42 18 48 34 38 45 49 37 61 60 28 27 60 43 43 46 57 45 16 38 67 33 33 23 59 61 3 35 67 35 32 49 39 41 17 66 68 45 4 29 
64 71 97 30 12 83 73 37 56 39 18 24 14 16 19 54 50 75 6 15 59 21 30 52 91 18 14 13 25 49 43 62 67 45 16 19 54 28 44 12 26 57 40 37 75 66 76 21 27 42 66 66 74 46 62 73 24 76 13 34 63 41 58 70 79 19 14 19 69 33 29 41 21 8 8 10 53 96 35 21 68 79 59 41 63 66 51 73 77 86 81 5 36 62 47 15 22 43 54 34 
89 79 99 45 25 77 71 19 37 24 14 42 40 14 46 67 65 97 34 41 80 36 49 63 96 18 19 32 11 73 40 36 75 18 36 9 50 30 69 39 3 74 22 53 94 41 87 7 31 16 43 71 59 53 36 62 30 97 28 12 48 55 81 85 92 45 14 21 93 6 28 33 49 26 29 37 29 97 44 19 43 89 76 57 39 90 55 87 101 85 88 23 21 82 44 36 21 68 60 54 
36 41 70 13 48 68 54 53 64 50 52 55 24 50 38 21 16 41 35 41 24 54 7 23 62 38 50 47 59 20 39 79 38 67 48 48 44 31 20 33 56 21 55 9 39 80 43 50 29 64 77 41 71 26 80 66 28 41 29 55 66 12 25 35 45 21 43 35 38 61 34 43 35 32 30 27 70 70 20 38 83 46 22 8 76 37 32 38 46 63 50 38 49 26 39 47 58 16 31 2 
81 80 102 41 12 84 75 28 48 32 3 30 30 2 34 65 62 90 23 29 74 24 43 62 97 17 7 20 8 65 44 49 76 31 24 6 54 31 60 28 10 70 31 49 89 53 86 7 31 28 55 72 68 53 49 70 29 92 22 22 57 52 74 82 90 36 9 20 85 17 30 38 37 18 21 27 41 100 43 19 55 88 72 53 51 82 56 85 93 89 89 13 29 77 48 24 11 60 61 48 
39 62 91 25 35 85 72 56 71 55 42 37 11 41 18 42 37 52 21 22 38 37 18 43 83 36 39 31 50 25 50 81 59 67 31 42 58 37 19 16 50 39 58 27 55 84 63 44 35 63 83 60 83 43 82 80 32 54 25 54 76 31 35 54 65 6 37 35 45 57 40 51 15 25 23 14 73 90 33 38 87 67 41 28 81 41 49 58 52 82 71 29 52 42 52 30 46 20 49 20 
67 66 91 26 17 75 65 29 47 30 17 33 18 15 27 50 47 76 15 24 59 28 28 48 85 9 16 21 23 51 35 54 62 38 24 13 45 20 47 20 21 55 32 34 74 57 72 15 19 35 57 60 65 40 55 64 16 77 7 26 54 38 59 67 76 23 8 10 71 28 21 32 29 4 6 15 45 89 29 12 60 74 57 38 54 68 44 70 79 79 76 5 27 62 39 24 24 46 48 33 
76 15 17 52 91 28 17 69 63 62 89 104 74 87 90 34 39 64 83 91 55 101 56 31 12 69 90 93 92 66 44 82 16 83 96 81 35 55 70 83 86 43 67 47 50 80 24 81 55 80 73 14 50 34 84 42 58 61 68 75 55 43 62 36 30 72 78 66 72 86 56 52 88 73 72 75 77 16 45 67 83 21 44 47 77 74 30 32 76 11 13 79 64 51 40 95 97 66 26 54 
87 82 103 45 19 82 75 24 43 29 8 36 37 9 41 68 66 96 30 36 79 30 48 65 99 19 14 27 6 71 44 42 78 24 30 7 54 32 67 35 3 74 27 53 94 47 89 6 33 22 49 74 65 55 42 67 31 97 27 17 53 56 79 86 94 42 12 22 91 10 31 37 44 24 26 34 35 101 45 21 49 91 76 57 45 89 58 88 99 89 91 19 26 81 48 31 15 66 63 53 
95 62 74 46 53 47 46 14 6 11 45 71 56 44 68 58 59 96 56 65 79 66 53 52 73 32 49 60 44 79 22 22 59 23 64 37 26 28 77 60 36 69 11 51 88 22 73 35 30 22 19 52 27 40 24 30 33 95 41 21 15 51 83 76 79 59 37 31 96 32 25 16 70 43 45 54 16 72 39 29 26 73 72 55 19 95 39 76 103 59 69 45 14 79 25 64 53 74 45 56 
51 10 40 34 76 48 33 65 67 59 76 86 55 74 70 11 16 41 65 72 30 84 36 12 31 58 76 76 81 41 41 85 9 80 78 70 38 45 45 64 76 18 64 27 29 84 12 71 44 77 79 17 62 23 87 55 46 38 53 69 62 23 37 14 17 52 66 55 48 79 47 49 67 58 56 57 78 40 31 56 88 15 19 25 81 49 24 13 52 36 19 64 60 26 38 77 84 41 17 33 
60 5 33 37 78 39 24 62 61 56 77 90 59 75 74 17 22 50 68 76 39 87 40 15 25 58 77 79 82 50 37 80 1 77 81 70 32 44 53 68 76 27 61 31 37 79 15 71 44 74 73 8 55 22 82 47 46 47 55 67 56 27 46 22 21 57 66 55 57 78 46 45 72 60 59 60 74 32 32 56 82 15 28 30 75 58 20 21 61 27 14 66 57 36 33 81 85 49 14 38 
66 12 23 53 94 43 31 78 76 72 94 105 74 92 89 30 35 52 84 91 46 103 55 31 13 75 94 95 98 60 53 95 16 93 97 87 46 61 64 83 93 36 77 46 37 93 11 87 61 90 86 21 65 39 97 56 63 48 71 83 69 42 53 24 15 72 83 71 61 94 63 61 87 76 75 76 89 24 49 73 96 7 36 45 89 64 36 20 64 26 3 82 73 41 49 97 102 60 31 52 
94 44 47 51 76 18 20 42 29 36 70 93 69 69 85 50 54 89 74 83 75 88 58 44 48 52 73 81 71 80 26 47 42 53 85 61 17 41 80 77 63 63 39 52 77 44 56 60 43 51 37 33 14 35 49 6 46 87 57 49 19 49 80 63 62 70 60 50 93 60 40 29 85 61 62 69 44 44 42 49 47 54 64 55 41 93 30 62 99 32 48 65 39 73 23 84 78 77 34 60 
87 26 8 63 101 25 21 76 67 69 98 115 85 96 101 46 51 75 93 102 66 111 67 42 12 78 99 103 101 78 52 86 28 89 106 90 42 64 82 94 94 55 74 58 60 83 33 90 65 87 76 25 51 45 88 42 67 71 78 82 58 54 73 46 38 83 87 75 83 94 65 59 99 83 83 86 82 5 56 76 86 30 55 58 80 85 40 42 86 7 21 89 71 62 47 105 106 77 37 66 
38 43 72 11 46 68 54 52 63 49 50 54 22 48 36 23 18 43 34 39 26 52 5 24 63 36 48 45 57 21 38 77 39 66 46 46 44 30 20 31 54 23 53 9 41 79 44 48 28 62 76 42 71 26 79 66 26 43 27 53 65 13 27 36 47 19 41 34 40 59 33 42 34 30 28 25 69 71 19 36 82 48 24 9 75 38 32 40 47 64 52 36 47 28 39 45 56 17 31 1 
48 15 44 29 71 49 34 61 64 56 72 81 50 70 65 6 11 40 60 67 27 79 31 8 36 53 71 71 77 38 38 82 12 77 73 66 36 41 41 59 72 15 61 22 29 82 17 66 40 73 77 18 62 20 84 55 41 38 48 65 61 18 34 16 21 47 61 50 46 75 43 46 62 53 52 52 75 44 27 52 85 20 16 20 78 47 22 16 51 39 23 59 56 24 35 72 79 37 16 28 
94 97 9 99 55 56 51 55 64 83 94 28 91 55 83 86 63 53 58 24 73 78 36 31 62 77 84 21 5 60 47 1 83 80 62 22 78 52 83 65 72 9 35 11 9 6 79 11 58 18 60 88 87 63 47 49 66 28 17 33 81 71 52 9 38 64 27 24 73 5 11 94 62 47 14 76 20 23 51 36 90 45 58 7 24 97 46 74 84 35 76 98 6 17 22 74 73 47 96 26 