100 100 5
52 82 27 70 20 76 55 98 75 107 106 73 75 45 62 51 50 46 46 51 86 45 46 57 83 106 97 16 24 51 88 85 34 94 32 76 55 59 32 104 68 27 17 59 88 66 36 52 9 70 52 37 69 11 91 99 90 56 28 75 50 43 73 6 54 17 40 52 67 97 26 42 48 59 80 56 24 7 28 92 63 8 70 68 78 69 58 99 74 16 95 40 32 38 78 99 21 38 87 87 
81 18 112 50 100 31 90 11 28 14 22 30 46 74 76 53 58 54 53 67 30 94 53 56 22 12 75 87 89 74 21 51 66 31 114 23 78 40 68 6 30 88 82 72 11 34 75 68 96 56 72 74 54 89 58 9 35 74 71 27 49 56 79 96 61 85 73 59 35 46 72 57 54 65 30 64 75 93 100 32 40 91 56 77 24 72 49 24 55 84 29 62 66 67 29 25 106 71 29 14 
39 49 83 21 75 73 112 72 68 77 84 42 88 42 105 42 39 67 59 35 32 54 52 84 69 75 15 71 65 97 42 11 71 33 82 51 103 56 71 68 54 62 71 29 54 61 87 34 79 18 96 50 91 83 7 55 28 100 64 43 60 65 23 88 87 83 88 36 66 21 69 61 70 94 34 31 65 79 70 31 69 81 17 24 45 20 76 42 14 80 86 50 64 78 73 84 80 84 80 50 
71 30 87 52 75 9 52 34 10 42 38 32 16 60 39 39 45 22 26 56 47 78 32 18 17 41 87 60 66 36 41 63 34 54 90 24 41 18 35 42 19 66 54 66 32 11 38 58 68 57 34 56 19 57 72 43 54 36 44 31 22 26 79 64 23 52 36 48 7 67 42 29 19 27 41 56 48 63 78 53 5 60 58 74 31 71 11 52 59 52 28 42 38 31 11 32 80 34 20 34 
47 55 91 30 84 80 121 76 74 80 88 48 95 50 114 51 48 76 67 44 36 61 60 92 75 78 9 80 73 105 46 17 80 35 90 58 112 64 80 71 61 70 80 37 59 68 96 43 88 27 104 59 98 92 8 58 31 108 73 49 68 74 29 97 95 92 97 45 73 21 78 70 79 102 40 40 74 88 78 34 76 90 26 31 51 28 84 44 23 89 91 59 73 87 79 89 88 93 86 55 
73 73 61 76 52 56 21 81 57 90 85 67 49 62 28 55 57 33 39 64 84 71 45 31 65 88 110 39 51 18 82 91 25 92 66 65 21 49 25 89 58 52 34 75 77 52 10 67 41 79 20 54 40 25 99 88 90 23 34 69 41 33 90 29 26 20 12 61 50 100 29 36 32 28 77 68 35 35 59 90 45 31 79 85 70 84 36 94 82 23 72 47 33 20 58 77 55 14 65 77 
42 44 85 19 77 68 110 66 63 71 78 37 83 43 102 40 38 64 56 36 26 57 49 80 64 68 20 71 66 94 36 5 69 27 85 46 100 52 70 62 49 63 71 32 48 57 85 35 80 17 93 50 87 83 4 49 22 97 63 38 57 62 28 88 84 82 86 35 61 16 68 59 67 90 29 31 65 80 72 25 65 81 16 29 39 24 72 35 13 80 80 49 63 76 68 78 82 82 75 44 
72 21 108 38 97 46 102 31 41 33 42 27 62 67 89 50 53 60 56 59 16 86 54 68 38 31 57 86 86 85 12 35 71 13 110 28 91 44 72 24 36 84 83 62 19 42 83 59 96 43 83 70 69 92 40 12 18 86 72 25 53 61 65 99 73 89 82 52 45 27 74 60 61 77 21 55 76 93 96 14 50 92 44 64 23 59 60 4 41 87 49 60 68 74 44 45 103 79 47 17 
28 43 51 28 39 49 68 64 46 73 74 32 57 17 64 9 8 26 18 15 44 35 11 46 52 71 60 28 28 54 47 43 26 51 53 38 60 26 25 67 33 26 26 26 50 35 42 17 38 29 53 14 56 37 50 59 47 58 17 35 22 23 41 43 47 37 44 11 38 55 22 18 30 54 37 18 19 36 39 49 38 36 30 36 38 34 40 57 33 34 68 4 18 33 50 70 45 39 60 48 
44 66 35 56 24 62 51 83 60 92 91 57 62 35 54 36 36 31 30 39 71 41 31 45 67 90 86 9 20 43 72 71 19 79 40 60 48 43 18 89 52 22 4 49 72 51 27 41 15 57 43 26 57 9 78 83 75 48 12 59 34 28 63 15 43 11 31 39 51 83 11 26 34 49 64 43 9 10 30 77 48 8 57 58 62 58 44 84 61 8 81 25 17 25 63 84 29 27 73 71 
81 56 84 72 73 33 26 57 36 65 59 55 21 70 13 54 59 28 36 69 72 85 44 9 42 64 108 58 68 12 66 85 32 79 89 49 15 38 33 67 43 68 51 80 58 35 24 71 63 76 10 63 12 48 94 69 78 10 45 56 34 31 94 54 7 43 19 62 31 91 41 36 24 1 65 71 48 57 79 78 27 54 77 90 56 87 18 78 79 44 45 51 40 24 35 51 77 22 39 60 
26 41 53 24 42 50 72 63 46 72 74 30 59 16 68 6 3 29 21 12 40 35 13 49 51 69 55 32 31 58 44 39 30 48 55 37 64 27 30 66 32 29 30 23 48 36 46 14 41 25 57 15 58 41 46 57 43 62 22 33 24 26 38 48 50 41 48 6 39 50 26 21 33 57 34 14 24 40 41 46 39 40 25 33 36 31 42 54 29 39 68 8 22 37 51 70 48 43 61 46 
95 75 89 89 79 51 11 75 55 82 75 74 37 84 6 70 74 44 52 84 91 96 60 28 60 82 125 65 76 14 86 103 44 98 94 69 8 56 44 85 62 78 59 95 77 54 29 86 68 93 15 76 28 52 112 88 97 11 56 75 51 46 110 56 24 47 26 78 51 109 51 51 40 18 84 86 58 62 86 97 46 58 94 105 75 103 37 98 97 49 61 65 52 35 53 67 82 30 56 79 
60 73 45 70 36 63 37 86 62 95 92 66 59 51 43 48 50 34 37 54 82 57 41 40 70 94 101 24 36 33 81 85 22 90 50 66 36 49 21 93 59 38 20 65 79 55 18 56 25 71 34 42 52 9 92 90 86 38 25 68 40 32 79 13 37 6 22 53 54 96 20 33 35 41 74 59 24 19 44 88 50 15 72 74 70 74 43 93 75 8 80 38 26 22 64 85 39 21 73 78 
12 61 37 36 28 70 81 84 66 92 94 49 77 6 80 27 21 45 37 14 57 15 31 64 72 89 57 26 17 69 62 48 40 64 37 57 75 47 39 86 52 14 28 19 68 56 55 14 32 34 69 8 75 40 53 76 58 74 28 52 42 41 32 44 64 43 58 21 59 62 32 36 49 71 52 19 26 34 24 61 58 36 33 27 55 28 59 71 37 40 88 21 32 48 70 90 33 53 81 65 
70 28 87 50 75 8 54 32 8 41 37 30 17 59 41 38 44 23 26 55 45 78 32 20 15 39 85 60 67 38 39 61 35 52 91 22 43 17 36 40 17 66 54 65 30 9 40 57 69 56 36 56 21 58 70 41 52 38 44 29 21 26 77 65 25 53 37 47 5 65 43 29 20 29 39 55 48 64 78 51 6 61 57 73 29 69 13 50 58 53 27 42 38 33 9 31 81 36 19 32 
49 45 57 46 45 38 46 60 37 69 67 38 40 38 42 25 29 8 9 38 54 53 15 25 44 67 81 30 38 32 53 61 6 62 61 38 38 21 7 66 31 38 24 49 51 28 21 40 38 49 31 31 37 28 69 62 59 36 14 40 12 4 64 36 25 25 22 32 28 70 13 6 11 32 47 40 18 33 49 61 25 31 50 59 42 57 22 65 52 23 57 19 9 11 40 61 51 18 49 50 
56 34 98 25 88 60 109 53 55 56 64 31 76 55 99 45 45 64 57 47 15 71 52 77 54 54 33 80 77 93 24 14 72 11 98 38 99 50 73 47 44 74 78 46 36 52 87 47 89 28 91 60 81 89 17 34 9 95 69 31 56 64 45 96 81 88 87 43 56 4 73 61 66 87 21 42 71 88 85 10 60 88 28 45 31 40 69 19 24 86 69 55 67 77 59 66 94 83 65 32 
41 92 3 70 11 94 83 113 91 121 122 81 97 41 88 57 53 64 60 48 90 27 57 80 98 119 87 27 21 77 95 82 54 97 4 87 82 73 52 116 81 22 33 51 99 81 61 49 21 68 78 36 92 37 86 108 92 83 42 84 65 60 61 34 78 42 66 54 83 96 44 57 68 84 85 53 38 27 10 95 81 31 67 57 87 60 78 104 71 41 113 48 48 60 95 116 7 62 105 97 
48 20 74 27 62 28 67 40 23 49 50 12 40 39 58 17 23 22 17 34 29 59 16 36 28 47 63 49 52 51 27 40 32 37 77 14 57 8 33 44 9 50 45 42 27 14 45 35 59 33 49 38 42 53 48 37 34 53 34 14 15 22 54 60 40 50 45 25 18 46 36 21 24 46 22 32 38 55 63 35 21 54 34 50 16 46 28 39 35 48 45 25 30 35 28 47 68 41 38 25 
26 37 63 10 53 53 84 61 48 68 72 25 65 21 78 13 11 40 31 13 30 40 23 58 52 66 42 45 42 69 36 25 43 37 64 35 76 32 43 61 33 39 44 18 44 39 59 13 54 11 68 25 66 55 32 50 32 73 36 28 33 37 29 61 60 55 60 8 43 37 40 33 43 67 25 9 38 53 50 35 45 54 11 25 31 21 50 44 15 53 69 22 36 49 53 70 59 56 63 40 
42 94 4 72 13 96 85 115 94 123 124 83 99 42 90 59 55 67 62 50 92 28 59 82 100 121 88 29 23 80 97 84 56 99 2 89 84 75 55 118 83 24 35 52 101 84 64 50 23 69 80 38 94 39 88 110 94 85 45 86 67 63 61 36 80 45 68 55 85 98 47 59 70 86 87 54 40 29 12 97 83 33 69 58 88 61 81 106 73 43 115 50 50 62 97 118 9 65 108 98 
26 79 18 55 13 84 82 100 81 109 110 68 89 26 85 44 39 56 50 33 76 14 46 73 87 107 73 22 11 74 81 67 47 83 18 74 79 62 46 103 69 11 28 36 86 70 58 34 22 53 74 23 85 37 71 94 78 79 34 70 55 52 46 37 72 41 62 39 73 81 37 47 59 79 71 38 31 27 5 81 71 31 52 42 73 45 70 90 56 39 103 36 40 54 85 105 16 58 95 83 
75 68 67 75 57 50 18 76 52 84 79 64 42 64 21 54 57 30 37 65 81 74 44 25 59 83 110 43 55 11 78 90 25 89 72 61 14 46 25 84 54 56 37 76 73 48 9 67 46 78 13 55 34 30 98 83 87 16 36 65 38 31 91 35 20 25 8 61 45 98 31 35 28 21 74 68 37 40 64 87 40 36 79 86 67 85 31 90 82 27 66 47 33 18 52 71 61 11 59 73 
11 54 54 23 46 69 93 78 65 85 89 43 80 13 90 26 20 52 43 10 45 26 35 71 69 83 39 43 36 80 52 32 51 50 54 52 86 47 50 78 50 33 45 1 60 55 67 8 51 18 79 22 80 57 35 66 44 84 40 45 46 48 16 61 72 58 69 17 59 46 45 43 55 79 41 9 40 52 41 48 60 54 17 11 48 10 64 58 21 55 86 29 42 59 70 87 51 65 79 57 
40 44 52 38 40 43 55 62 40 71 71 35 48 29 51 17 20 15 9 28 50 44 9 34 47 69 72 26 31 41 50 54 13 58 55 38 47 22 13 67 31 30 21 39 51 30 29 30 35 41 40 22 45 29 61 61 55 45 10 38 14 11 54 36 35 27 31 23 32 64 12 6 19 42 43 31 14 31 43 56 30 30 41 49 40 47 30 62 45 25 62 10 6 20 44 65 46 26 54 49 
70 70 60 73 50 55 24 80 56 88 84 65 48 60 29 52 55 31 37 62 82 69 43 30 63 87 107 37 48 19 79 88 22 90 64 63 22 47 22 88 55 50 31 72 75 50 8 64 39 76 20 51 40 23 96 86 87 24 31 66 38 31 87 27 26 18 11 58 48 98 26 34 30 28 74 65 32 33 57 88 43 29 76 82 68 81 35 92 80 20 71 44 30 17 57 76 53 12 64 75 
88 46 99 71 88 19 45 40 24 47 39 50 3 77 30 57 63 35 42 74 64 95 49 20 27 46 106 72 80 32 57 81 45 70 103 41 35 36 47 50 37 80 66 84 46 30 43 76 79 76 30 72 9 65 90 55 71 30 57 49 38 40 97 72 23 60 38 66 25 84 55 44 32 22 59 74 61 73 92 70 23 70 77 93 48 89 21 67 78 61 25 59 51 39 21 31 93 40 21 49 
16 73 28 47 22 81 87 96 77 104 106 62 88 18 88 39 33 55 48 25 68 5 43 73 83 102 63 27 16 77 74 58 48 75 27 69 82 58 47 98 64 13 32 26 80 67 61 25 30 44 76 18 85 43 62 88 69 81 35 64 53 51 36 44 73 46 65 33 70 72 39 46 59 80 64 30 32 34 15 72 69 37 43 32 67 35 69 82 47 43 100 32 40 56 82 102 26 61 92 77 
53 66 97 40 90 91 132 87 86 90 98 60 106 58 124 61 58 86 78 53 47 66 71 103 86 88 6 88 80 116 57 28 90 45 95 69 122 75 90 81 72 77 89 44 69 80 106 51 95 37 115 67 109 101 19 68 41 119 82 61 79 84 33 106 106 101 108 54 84 30 87 80 89 113 51 48 83 96 84 44 87 98 36 36 62 34 95 53 33 99 102 69 83 97 90 99 95 103 97 65 
79 22 103 53 91 12 71 13 11 22 20 30 26 70 57 48 54 40 42 65 40 90 45 38 4 20 85 77 81 55 31 60 53 44 106 20 59 29 54 22 22 80 71 73 19 21 59 66 85 59 53 69 34 76 68 26 46 54 60 28 37 43 83 83 43 72 56 56 20 59 60 45 38 45 36 63 65 81 93 44 24 79 60 79 26 75 32 40 60 71 15 55 55 51 10 15 97 55 10 22 
76 35 91 58 79 9 49 34 13 42 37 37 9 66 36 45 51 26 32 62 52 84 38 17 18 41 93 64 71 34 45 69 38 59 95 29 38 24 39 43 25 71 58 72 36 17 39 64 72 63 32 61 14 60 77 46 59 33 48 37 27 30 85 67 22 55 36 54 13 72 46 34 23 24 47 62 52 67 83 58 11 64 64 80 36 77 13 57 65 55 25 48 42 34 11 30 85 36 17 38 
76 18 110 43 99 40 97 23 36 25 34 27 56 70 84 51 55 58 55 62 21 89 53 64 31 23 64 87 88 81 13 42 69 20 112 25 86 42 70 16 33 86 83 66 13 38 80 63 96 48 79 72 63 91 48 4 25 81 72 25 51 59 71 98 68 88 79 55 41 35 74 59 58 72 24 59 76 93 98 21 46 92 49 69 22 64 56 12 47 86 41 61 68 71 38 37 105 76 40 13 
70 59 68 67 57 42 24 67 43 75 71 56 35 59 21 47 51 22 30 60 72 72 37 17 50 74 103 42 53 10 69 82 19 80 73 52 16 37 20 75 45 54 36 71 64 38 7 62 47 71 10 51 27 32 90 74 78 15 32 57 30 23 86 38 12 26 3 54 36 90 27 28 20 16 65 62 34 41 63 79 31 37 71 81 58 79 22 81 74 28 58 41 28 11 44 63 61 6 51 64 
78 56 80 70 69 34 25 59 37 67 61 54 24 67 14 51 56 25 34 66 71 81 41 9 43 66 106 53 64 9 66 83 28 79 84 49 14 36 29 68 42 64 47 77 59 35 19 68 59 74 7 60 15 44 92 69 77 9 41 55 32 28 91 50 4 38 15 60 31 90 37 33 21 4 64 68 44 53 74 77 26 49 75 87 56 84 17 78 77 39 48 48 36 20 36 53 73 17 42 60 
56 21 94 23 84 47 98 41 42 45 53 19 63 52 87 37 39 53 47 44 2 70 43 65 41 43 44 74 72 81 11 20 62 6 95 25 87 38 63 37 31 70 71 46 24 39 76 44 83 28 79 56 69 81 27 24 4 83 61 19 46 53 50 88 69 79 76 38 43 17 64 51 55 75 9 40 64 81 82 4 48 81 28 48 18 43 57 13 26 77 56 48 58 66 46 54 89 72 52 20 
64 60 61 64 50 46 28 70 46 79 75 55 40 54 28 43 47 21 27 55 72 65 34 22 54 77 99 35 46 17 69 79 14 80 65 53 22 37 14 78 45 47 29 66 65 40 2 57 40 67 17 45 33 25 87 76 77 22 26 57 28 21 81 31 18 19 5 50 38 88 21 24 20 23 65 58 28 34 56 78 34 30 68 76 58 74 26 82 71 20 63 36 22 8 47 68 54 2 55 65 
15 57 39 34 29 66 78 80 62 88 90 46 73 5 76 23 18 41 33 12 54 19 27 60 68 86 57 25 18 66 59 47 36 61 40 53 72 43 36 82 49 15 26 19 64 51 51 13 32 32 65 4 71 38 52 73 56 70 24 49 38 37 33 43 60 40 54 17 54 60 29 32 45 68 49 17 23 33 26 59 54 35 32 29 52 29 55 68 36 37 84 17 28 45 66 86 35 50 77 62 
26 59 35 41 24 62 67 79 59 88 89 48 67 16 67 24 21 34 28 21 59 26 24 52 65 86 68 14 13 56 62 55 27 66 38 53 62 40 26 83 47 11 15 30 65 49 41 23 23 40 56 7 64 27 61 75 62 61 14 51 33 30 45 32 52 29 44 23 51 68 19 26 38 59 53 26 12 23 24 64 49 24 41 40 53 40 49 72 45 26 81 14 19 35 63 84 30 40 73 63 
43 64 37 55 26 59 51 81 58 90 88 55 60 34 53 34 34 29 28 38 69 41 28 43 65 88 85 10 21 42 70 70 17 77 41 58 47 41 16 86 50 23 4 48 70 49 26 40 17 55 42 25 55 10 77 81 73 47 10 57 32 26 62 17 41 11 30 37 49 81 9 24 32 47 62 42 7 12 31 75 46 10 56 57 60 57 42 81 59 8 78 23 14 23 61 82 30 26 71 69 
58 76 40 70 31 67 42 90 66 99 96 68 64 49 48 49 50 37 39 53 83 53 42 45 74 97 100 21 32 38 83 85 25 91 45 69 41 52 24 97 61 35 18 63 82 58 23 55 20 71 39 40 57 6 92 93 88 43 25 70 43 35 77 8 42 6 27 53 58 96 21 35 39 46 76 58 23 15 39 89 54 11 71 73 72 73 47 95 75 8 85 39 27 27 68 89 34 25 77 81 
34 91 14 66 18 96 91 113 93 121 122 79 100 36 95 56 51 68 62 44 87 19 58 84 99 119 79 32 22 84 92 77 58 93 11 86 89 74 57 115 81 23 38 45 98 83 68 44 29 62 84 35 96 45 80 106 88 89 46 82 67 64 52 43 83 50 72 51 85 90 49 59 71 90 82 48 42 35 11 91 83 39 62 49 85 53 82 101 66 48 115 48 52 66 97 118 17 69 107 95 
40 46 83 19 75 71 110 69 65 74 81 39 85 41 103 40 38 65 57 35 29 54 50 82 66 72 17 70 64 95 39 8 69 30 83 49 101 54 70 65 51 61 70 29 51 59 85 33 78 16 93 49 88 82 6 52 25 98 63 40 57 63 25 87 85 82 86 34 63 19 67 59 68 91 31 30 64 79 70 28 66 80 16 25 42 21 73 39 12 79 83 49 62 76 70 81 80 82 77 47 
64 5 97 33 85 32 86 25 27 31 37 14 48 57 74 38 42 45 41 50 15 77 40 53 25 29 60 73 74 70 6 36 56 19 99 12 75 29 57 23 20 72 69 55 7 27 68 51 83 39 68 59 54 77 43 13 21 71 58 11 38 46 62 85 57 75 66 42 30 34 60 45 46 62 14 47 62 80 85 19 35 79 40 60 9 55 44 17 38 73 39 48 54 58 30 37 91 64 35 3 
44 33 63 33 51 34 58 51 30 60 60 25 41 33 51 14 19 13 4 30 41 52 5 31 37 58 69 37 41 43 40 48 19 49 66 27 49 11 20 56 20 40 32 41 40 20 34 32 46 37 41 29 40 40 56 50 46 46 21 27 6 11 55 47 33 37 34 23 22 56 23 8 16 40 34 31 25 43 53 47 22 41 38 50 29 47 24 52 40 35 52 15 16 24 34 55 57 31 45 38 
69 61 66 67 55 44 24 69 45 78 73 57 37 58 23 47 50 22 30 59 74 70 37 19 53 76 103 40 51 12 70 82 18 81 70 54 17 38 19 77 46 52 34 70 65 40 4 61 45 71 12 50 30 29 90 76 79 17 30 58 30 24 85 35 15 24 0 54 38 90 26 28 21 19 66 62 33 39 61 80 33 35 71 80 59 78 24 83 74 25 60 40 27 11 46 66 59 4 53 66 
37 34 60 27 48 39 64 54 35 63 64 24 48 27 58 7 12 20 11 23 38 46 4 38 41 61 62 35 38 49 39 42 24 46 62 29 56 16 24 58 23 36 32 34 41 25 39 25 45 30 48 24 48 41 50 51 42 53 21 27 13 17 47 48 40 39 40 16 28 52 24 13 23 47 31 24 25 42 49 44 28 41 31 43 29 40 32 50 34 37 58 11 18 30 40 60 54 36 50 39 
81 21 114 48 103 38 97 19 35 19 29 31 54 74 83 55 59 59 57 67 27 94 56 63 29 17 70 90 92 80 19 48 71 26 116 27 85 44 72 10 35 90 86 71 14 39 81 68 99 54 78 76 61 93 54 4 31 81 75 28 53 61 77 101 68 90 79 60 41 41 76 61 59 72 29 64 79 96 102 27 46 95 55 75 26 70 55 18 53 89 37 65 70 72 36 32 108 77 36 16 
6 62 50 30 44 77 97 86 72 93 97 51 87 15 95 33 27 57 49 16 52 20 41 76 77 91 41 44 34 84 60 38 55 57 49 60 90 54 55 86 57 31 46 7 68 63 71 14 50 25 84 24 87 58 40 74 52 89 44 53 52 54 14 62 78 60 73 24 66 52 49 49 61 85 49 16 43 52 37 55 67 54 25 10 56 13 70 66 28 57 94 34 47 63 77 95 48 69 87 65 
50 65 41 59 31 58 44 80 57 89 87 57 57 40 47 38 39 28 29 44 72 48 31 39 64 88 90 16 27 36 72 74 15 80 46 59 41 42 14 87 51 29 10 54 71 48 20 46 21 60 36 31 51 8 82 82 77 41 14 59 33 25 69 15 37 5 24 42 48 85 10 25 30 42 65 48 13 15 37 78 45 11 61 64 62 63 40 84 64 3 77 28 16 19 60 81 35 21 69 70 
69 9 97 41 85 18 75 18 14 26 29 18 35 61 62 39 45 38 37 55 28 81 38 41 11 24 73 71 74 59 19 48 50 33 99 9 64 23 51 22 14 73 66 62 9 17 59 56 80 47 57 60 41 72 56 19 34 59 55 16 32 40 71 80 46 69 57 46 19 47 56 41 37 50 24 52 59 76 86 33 24 75 48 68 14 63 34 30 48 68 27 47 50 50 17 26 91 55 22 11 
88 72 82 84 72 50 9 74 53 82 75 70 37 77 8 64 69 38 47 77 87 89 54 25 59 81 120 58 69 8 82 98 37 95 87 65 2 52 38 84 58 71 52 89 75 51 22 80 61 88 10 69 28 45 107 85 93 7 49 71 46 41 103 49 20 40 19 72 48 105 45 45 35 16 80 80 51 55 79 93 43 51 89 98 72 97 33 94 91 42 61 59 46 29 52 67 76 23 56 76 
21 62 32 41 22 67 73 83 64 92 93 51 73 14 73 27 23 40 34 20 61 20 29 58 70 90 66 17 10 62 65 55 33 68 34 57 68 45 32 87 52 8 19 27 69 54 47 21 24 40 62 6 70 31 60 78 63 67 20 54 38 36 41 35 58 34 50 24 56 68 25 31 44 65 55 25 18 25 20 66 55 27 40 36 57 37 55 74 44 31 86 19 25 41 68 88 27 46 78 67 
66 74 52 73 43 61 30 85 61 94 90 68 55 57 37 52 54 34 39 60 84 64 43 37 69 92 106 31 43 27 82 89 24 92 57 67 30 50 23 93 59 45 26 70 79 54 14 62 32 75 28 48 48 16 96 90 89 32 29 69 41 33 85 19 33 12 18 57 53 99 24 35 34 36 76 63 29 26 51 90 49 22 76 80 71 79 41 95 79 15 78 43 29 21 63 83 46 17 71 79 
11 74 39 44 36 86 98 98 82 105 109 62 95 20 98 42 36 63 55 25 66 9 49 82 87 103 52 40 29 87 73 52 58 71 37 71 93 63 57 98 68 26 44 21 81 72 72 24 44 39 87 26 93 55 54 87 66 92 45 65 59 59 25 57 82 59 76 34 75 66 50 54 67 90 62 28 43 48 28 69 75 51 39 23 68 27 77 79 42 56 104 39 50 66 87 105 38 71 97 77 
74 54 76 67 65 34 26 59 36 67 62 52 26 63 17 48 52 21 30 62 69 77 38 8 43 66 103 49 60 10 64 81 24 77 80 48 16 34 25 68 40 60 43 73 58 33 16 64 55 71 8 56 18 40 89 68 75 12 37 53 28 24 88 47 3 35 12 56 30 87 33 29 18 8 62 64 40 49 70 75 25 46 72 83 54 80 16 77 74 36 49 44 32 16 36 54 69 14 42 59 
62 13 98 29 87 40 94 32 35 36 44 17 57 57 82 39 42 51 46 49 8 76 43 60 33 34 53 76 76 77 3 29 61 11 99 20 83 35 62 28 27 73 72 52 15 34 74 50 85 35 75 59 62 81 36 15 13 78 62 15 43 51 58 89 65 79 73 42 38 26 64 50 52 70 11 45 65 83 85 11 43 82 36 56 14 51 52 10 34 77 47 50 58 64 39 45 93 70 44 11 
51 80 28 68 20 74 54 96 73 105 103 71 73 44 60 49 48 44 43 49 84 44 44 55 80 103 96 14 23 50 86 83 31 92 33 73 53 57 30 102 66 26 15 58 86 64 34 51 9 68 50 35 67 9 89 96 88 55 26 73 48 41 71 5 52 15 38 50 64 95 24 39 46 57 78 54 22 5 28 90 61 5 69 67 75 68 56 97 73 14 93 38 30 35 76 97 22 36 85 85 
46 18 77 19 65 34 76 41 29 49 52 6 48 38 67 17 22 31 25 31 20 58 21 45 32 47 55 53 54 60 21 31 40 28 78 15 66 17 41 42 14 52 50 38 25 22 54 32 63 25 58 39 51 59 39 33 26 62 39 9 23 31 48 66 49 57 54 23 26 37 42 28 33 55 13 29 43 60 65 27 29 60 26 44 12 40 37 32 27 55 49 28 36 44 34 50 71 50 43 22 
76 51 81 66 69 29 30 54 32 62 57 50 20 65 18 48 53 22 31 63 67 80 38 4 38 61 102 54 63 14 61 79 27 74 85 44 19 32 29 63 37 64 47 74 54 30 22 66 60 70 12 58 12 45 88 64 73 14 40 50 28 25 89 52 3 40 18 57 26 85 37 31 18 6 60 65 44 54 74 73 21 51 71 84 51 81 12 73 73 41 43 46 35 20 31 49 74 19 37 55 
28 80 16 57 11 85 82 102 82 110 112 69 89 28 85 45 41 56 51 35 78 16 47 73 88 108 75 22 11 74 83 69 47 85 16 76 79 63 46 105 70 12 28 38 87 72 58 35 21 55 74 24 85 36 73 96 79 79 35 72 56 52 48 36 72 41 62 41 74 83 38 48 60 79 73 40 31 27 3 82 72 30 54 44 75 47 71 92 58 38 104 37 40 55 86 107 14 58 96 85 
55 36 97 25 88 63 111 56 58 59 67 33 79 54 101 45 45 66 59 47 17 70 53 79 57 57 30 80 76 95 27 13 73 14 97 41 101 51 74 50 46 74 79 44 39 54 88 46 89 27 93 60 84 89 14 37 11 97 69 33 58 65 43 96 83 89 88 43 58 2 73 62 68 89 23 42 72 88 84 13 62 89 27 43 34 38 71 22 23 86 71 56 68 78 62 69 93 85 68 35 
17 57 61 24 54 75 102 81 70 87 93 46 87 22 98 34 28 60 51 19 45 31 43 78 74 85 30 52 44 88 53 28 60 49 60 56 95 53 59 80 55 41 54 9 63 61 76 17 59 18 87 32 88 66 29 68 43 92 50 49 53 56 7 70 80 67 78 25 65 42 54 51 63 87 43 17 50 61 48 47 67 63 17 3 51 2 72 57 19 65 91 37 51 67 75 91 59 73 84 59 
94 31 121 64 109 30 87 7 30 4 7 42 41 86 72 64 70 59 60 79 46 106 62 56 22 5 91 95 99 72 36 67 72 47 124 34 76 47 73 12 39 98 90 86 25 39 77 81 104 70 70 85 50 94 74 24 51 71 79 40 55 62 94 102 61 90 74 71 38 62 79 64 57 62 45 77 83 100 110 48 43 97 71 91 37 86 50 40 70 89 18 72 73 70 28 13 115 73 22 29 
53 56 52 55 40 47 40 70 46 79 76 49 46 42 39 34 36 17 20 43 65 54 25 28 54 77 89 25 35 28 64 70 5 73 56 49 34 32 4 77 41 36 19 54 62 38 13 46 31 57 28 34 40 19 78 73 70 33 14 51 23 15 69 26 26 14 16 40 38 80 9 16 19 33 58 47 16 26 46 71 34 23 58 64 53 63 28 76 61 14 65 25 11 9 49 70 45 12 58 61 
11 52 53 22 45 67 91 76 63 84 88 41 78 12 87 24 18 49 41 8 44 26 33 68 67 81 40 42 35 77 51 32 49 50 53 50 84 45 48 77 48 31 43 3 59 53 65 6 49 18 76 21 78 55 36 65 44 81 38 44 44 46 18 59 70 56 67 15 57 46 43 41 53 77 40 7 38 50 40 47 58 52 17 13 47 12 62 58 21 53 84 26 40 56 68 85 50 62 77 56 
13 66 55 34 50 83 105 91 79 98 102 56 94 23 103 40 34 65 56 24 55 24 49 84 83 95 36 51 41 92 64 38 63 59 53 65 98 61 63 90 64 38 54 13 73 69 79 21 57 28 92 32 94 66 39 78 54 97 52 58 60 61 9 69 85 68 81 31 73 52 57 56 69 93 53 23 51 59 43 57 74 62 27 8 61 13 78 68 30 65 100 41 55 71 83 100 53 77 93 69 
58 33 73 45 61 23 49 45 21 54 52 30 27 47 40 28 33 8 12 44 47 65 19 18 29 52 81 45 52 32 43 58 21 54 76 26 39 11 22 52 18 51 40 55 38 13 29 46 54 49 31 42 26 43 67 49 52 35 29 30 8 11 68 51 21 39 28 37 13 64 28 15 7 28 39 45 33 49 64 53 9 47 50 64 32 61 10 55 52 38 42 28 23 20 24 45 66 25 34 38 
78 33 94 58 82 6 53 30 11 38 33 36 11 67 39 46 52 29 34 63 51 86 40 21 15 37 92 67 74 38 43 68 41 57 98 27 42 25 42 39 24 73 61 73 33 17 43 65 75 63 36 64 17 63 76 42 57 37 51 35 29 33 85 71 26 59 40 55 13 70 50 37 26 28 45 63 55 70 86 56 13 67 64 81 35 77 17 54 65 58 21 50 45 37 8 25 88 40 13 35 
92 30 120 62 108 30 87 6 29 4 9 41 41 84 72 63 68 58 59 78 44 104 61 55 22 4 89 94 98 72 34 65 71 45 122 32 76 46 72 10 37 96 88 84 23 38 77 79 103 68 70 84 50 93 72 22 49 71 77 38 54 61 92 101 60 89 74 69 38 60 78 63 56 62 43 75 82 98 109 46 42 96 69 89 35 84 49 38 68 89 19 71 72 69 28 14 114 73 22 27 
82 63 81 76 70 40 18 65 43 73 67 61 29 71 9 57 61 30 39 71 78 84 47 15 49 72 112 55 66 4 73 90 32 85 85 56 7 43 32 74 49 67 49 82 65 42 20 73 60 80 3 64 20 44 98 76 84 3 44 62 38 33 97 50 11 39 15 65 38 96 40 38 27 7 71 73 47 54 76 84 33 50 81 92 62 89 24 85 83 40 53 53 40 23 42 59 74 19 47 67 
77 77 64 81 55 60 18 85 61 93 88 72 51 67 27 60 62 38 44 69 89 75 50 34 68 92 115 43 55 19 86 96 30 97 69 70 20 54 30 93 62 57 38 80 81 56 15 72 44 84 21 58 42 28 104 92 94 23 39 73 46 38 95 31 29 24 16 66 54 105 34 41 37 30 82 73 40 38 63 95 49 34 84 90 75 89 40 98 87 27 75 52 38 25 62 80 58 19 68 82 
93 81 82 91 73 59 0 83 62 91 84 78 46 82 16 71 75 45 54 83 95 92 61 34 68 90 127 60 72 17 91 106 42 103 87 74 11 60 43 93 67 73 55 94 84 60 26 85 62 95 18 73 37 46 114 94 101 16 54 79 53 47 109 49 29 41 24 78 56 113 49 52 43 25 88 86 55 56 81 102 51 52 95 104 80 102 42 103 98 44 70 65 51 35 61 76 76 29 65 85 
71 46 77 60 66 26 35 51 28 60 55 44 21 59 24 42 47 16 25 58 61 75 33 3 35 59 96 50 59 18 56 74 23 69 81 39 24 26 25 60 32 59 44 69 49 25 21 60 57 65 16 53 15 43 82 60 67 19 36 45 22 20 83 50 6 38 18 51 22 80 33 25 12 12 54 59 40 51 71 67 17 48 66 78 46 75 7 69 68 38 42 40 30 17 28 48 71 18 35 51 
95 32 123 64 111 33 90 9 32 1 9 43 44 87 75 65 71 61 62 80 46 107 64 59 25 3 90 97 100 75 36 67 74 46 125 35 79 49 75 10 40 99 92 86 25 41 80 81 106 70 73 86 53 97 73 23 50 74 80 40 57 64 94 104 64 93 77 72 41 61 81 66 60 65 45 78 85 102 112 47 45 99 71 91 38 86 53 38 70 92 22 74 75 72 31 16 117 76 25 29 
93 32 118 65 106 25 81 8 26 11 5 42 35 84 66 62 68 55 57 78 48 104 60 50 18 11 93 91 96 66 38 69 67 50 121 33 70 44 69 17 37 95 86 85 26 35 72 80 100 71 64 83 44 90 76 28 53 65 75 40 52 58 94 98 55 86 69 70 34 65 75 60 53 56 46 76 79 96 108 51 38 93 72 91 37 87 45 43 71 85 12 70 70 65 23 6 112 68 16 30 
46 56 46 51 34 50 47 72 49 81 79 48 51 36 46 30 31 20 20 37 63 47 22 34 56 79 84 19 28 35 63 66 8 71 50 50 41 33 7 78 42 29 13 48 62 40 20 40 26 53 35 27 46 16 74 73 68 40 7 50 24 17 63 24 33 14 24 35 40 77 2 16 23 39 56 41 9 21 39 69 37 19 53 58 52 57 33 75 57 12 69 20 7 15 52 73 39 19 62 61 
36 58 80 28 74 81 117 81 76 86 93 50 95 41 111 46 42 72 64 36 41 50 56 90 78 84 11 71 64 102 51 20 75 42 79 60 108 63 75 77 61 60 72 28 63 69 91 34 78 23 101 50 98 84 16 65 37 105 66 51 65 70 17 89 93 85 93 39 73 30 71 65 76 100 43 32 67 80 67 41 76 81 22 20 53 18 82 51 20 82 94 53 67 82 81 93 78 88 89 59 
34 30 69 8 59 47 83 54 42 61 65 18 60 27 76 14 14 37 29 20 24 47 22 54 45 59 44 49 47 67 29 23 43 31 70 28 74 27 43 54 27 45 47 25 36 34 58 21 58 13 66 31 62 58 31 43 26 70 38 21 30 35 35 64 57 57 59 13 38 34 42 32 40 64 19 16 40 57 56 29 40 57 14 31 24 27 47 38 16 55 63 24 36 49 47 63 64 55 56 33 
37 63 81 33 75 86 121 86 81 91 98 55 100 43 115 50 46 77 68 39 46 50 60 94 83 89 10 73 65 106 56 25 79 47 79 65 112 67 79 82 66 62 75 30 68 73 95 37 80 27 105 52 102 87 20 69 42 110 70 56 69 74 17 91 97 88 97 43 78 34 74 69 80 104 48 35 70 82 68 46 80 84 26 21 58 20 87 56 25 85 99 57 71 86 86 98 79 92 94 64 
38 51 82 22 74 75 113 74 70 79 86 43 89 41 106 42 39 68 59 35 34 52 52 85 71 77 14 71 64 98 44 13 72 35 81 53 104 57 72 70 55 61 71 28 56 63 88 34 78 18 97 49 92 83 9 57 30 101 64 45 61 66 21 88 88 83 89 36 67 23 69 62 71 95 36 30 65 79 69 34 70 80 18 23 47 19 77 44 15 81 87 50 64 79 74 86 79 85 82 52 
35 81 13 61 2 83 74 101 80 110 110 70 85 32 78 47 43 53 49 39 81 24 46 69 87 108 82 16 10 67 85 74 43 88 16 76 72 62 41 105 70 12 22 44 88 70 51 40 13 59 68 26 81 28 79 97 83 73 31 73 54 49 56 27 67 33 56 44 72 88 33 46 56 73 75 44 27 18 7 86 69 22 59 52 76 54 67 94 63 31 102 37 37 49 84 105 7 52 94 86 
20 68 27 46 18 74 77 90 70 98 100 57 79 16 78 33 29 47 40 24 66 15 36 65 77 96 66 19 8 67 70 58 39 73 28 64 73 51 38 93 58 5 23 28 75 60 52 24 23 43 67 12 76 34 63 84 68 72 26 60 45 42 41 36 64 37 56 29 63 72 30 38 50 71 60 28 23 26 14 71 61 29 43 36 63 38 61 80 47 34 93 25 31 47 75 95 23 51 85 73 
28 77 18 55 10 81 78 98 78 107 108 66 85 25 81 42 38 52 47 33 75 17 43 69 85 105 75 18 7 70 80 68 43 82 19 72 75 59 42 102 66 8 24 37 84 68 54 34 19 53 70 21 81 33 72 93 77 75 31 69 52 48 48 33 68 37 58 38 70 81 34 44 56 75 70 38 27 23 5 80 68 27 53 44 72 46 67 89 57 35 100 33 36 51 82 103 14 54 92 82 
45 73 28 61 18 69 55 91 68 100 98 64 70 37 60 42 41 39 38 42 77 39 38 52 75 98 89 7 18 49 79 76 27 85 33 67 53 51 25 96 60 21 8 51 80 59 33 44 8 61 49 28 64 9 82 90 81 54 19 66 42 36 65 11 50 14 37 43 59 88 19 34 42 55 71 47 16 2 25 83 56 4 62 60 69 61 52 90 66 12 88 31 24 32 71 92 22 34 81 78 
77 16 104 49 92 19 77 10 16 19 21 26 34 69 64 47 53 44 44 63 34 89 45 44 9 17 79 78 82 61 24 54 56 37 107 17 66 30 57 16 22 81 73 70 12 23 64 64 87 55 59 68 42 79 62 19 40 61 62 24 39 46 79 86 49 75 61 54 24 52 63 48 42 52 31 60 66 83 93 37 28 81 56 75 21 71 37 32 55 74 21 55 57 56 17 19 98 60 18 16 
9 72 39 43 34 84 97 96 80 103 107 61 93 18 96 40 34 61 53 24 64 8 47 80 85 101 52 39 28 85 72 51 56 70 37 69 91 61 55 97 66 25 43 19 79 70 71 22 43 38 85 24 91 54 53 86 64 90 43 64 57 57 25 56 80 57 74 32 73 65 48 52 65 88 61 26 41 46 27 68 73 49 37 22 66 26 75 78 41 54 102 37 48 64 85 103 38 69 95 76 
75 17 100 48 88 13 71 15 10 24 24 25 29 66 58 44 50 38 39 60 35 86 41 38 4 22 80 73 78 55 26 55 51 40 103 15 60 25 52 22 18 76 68 68 15 17 58 61 82 54 53 64 36 73 63 24 42 55 57 23 34 41 78 81 43 69 55 51 18 55 57 42 37 46 32 58 61 78 89 40 22 76 55 74 21 70 31 36 55 68 20 51 52 50 11 20 94 54 15 18 
82 41 95 65 83 14 46 37 19 45 38 44 3 71 31 51 57 30 37 68 59 89 43 17 23 44 100 67 75 32 52 76 40 65 98 36 35 30 42 47 31 75 61 78 42 24 40 70 75 70 30 66 9 62 84 51 65 30 52 43 32 34 91 69 21 57 36 60 19 78 50 39 26 21 53 68 56 69 87 64 17 66 71 87 43 83 16 63 72 57 25 53 46 35 16 31 88 36 19 44 
98 35 125 67 113 34 91 11 34 4 8 46 45 90 76 68 74 64 64 83 49 110 67 60 27 6 93 99 103 76 39 70 76 49 128 38 80 51 77 13 43 102 94 89 28 43 82 84 108 73 74 89 54 99 76 26 53 75 83 43 60 66 97 106 65 95 79 75 43 64 83 68 62 66 48 81 87 104 115 50 47 102 74 94 41 90 54 41 73 94 22 76 78 74 33 16 119 78 26 32 
65 63 59 66 49 49 28 73 49 82 78 58 43 54 29 45 48 23 30 56 74 65 36 25 57 81 101 34 45 18 72 81 16 82 64 56 23 39 16 81 48 47 28 67 68 43 2 58 38 69 19 46 36 22 89 79 80 23 26 59 31 23 82 28 21 17 7 52 41 90 21 26 23 26 67 59 28 32 55 81 37 28 70 77 61 75 29 84 73 18 66 38 23 10 51 71 52 5 59 68 
76 73 65 78 56 56 17 81 57 89 84 69 47 66 24 57 60 34 41 67 85 75 47 30 64 88 113 43 55 16 82 93 28 93 70 66 17 50 28 89 58 56 38 78 77 52 12 70 45 81 17 57 38 29 101 88 91 20 37 70 42 35 93 33 25 24 12 64 50 102 32 38 33 26 78 71 38 39 63 92 45 35 82 88 71 87 36 95 85 26 71 50 35 21 58 76 59 15 64 78 
30 63 31 47 19 64 64 83 62 92 92 53 68 22 65 29 27 35 31 27 65 28 28 52 69 90 74 8 10 54 67 61 26 72 34 58 60 43 25 87 51 10 10 36 70 52 39 29 17 47 54 13 64 22 67 80 68 59 14 55 36 31 50 26 51 24 42 29 53 74 17 27 39 58 58 32 10 17 21 70 51 18 47 45 58 46 50 78 51 22 84 19 19 34 66 87 25 38 76 68 
41 29 65 26 53 35 65 50 31 58 59 19 45 31 58 9 15 20 12 26 34 50 7 37 37 56 62 40 43 50 35 41 26 42 67 24 56 12 27 53 18 41 36 36 36 21 41 28 50 30 48 29 46 45 49 46 39 53 25 22 12 18 49 52 40 43 42 18 24 49 28 15 23 47 27 26 29 47 54 40 25 46 31 45 24 41 30 46 33 41 53 16 22 31 36 55 59 38 46 34 
59 24 98 26 87 51 102 42 45 46 54 23 67 55 91 41 43 58 51 47 6 73 47 69 44 44 43 78 76 85 13 21 66 2 99 29 91 42 67 37 35 73 75 48 26 43 80 47 87 30 83 59 72 85 26 24 4 87 65 22 50 57 51 92 73 83 80 42 47 15 68 55 59 79 14 43 68 85 85 0 51 85 30 50 22 45 60 11 28 81 58 52 62 71 49 56 93 77 55 22 
22 74 22 51 15 80 81 96 77 105 106 63 85 21 83 40 35 52 47 29 72 12 42 70 83 103 69 21 9 72 77 63 44 78 22 70 77 58 43 99 65 8 26 32 81 67 56 29 23 48 72 18 82 36 67 90 73 77 31 66 51 48 43 37 69 40 60 35 69 77 35 44 56 76 66 34 28 27 9 76 68 31 48 39 69 41 67 85 52 38 99 32 37 52 81 102 19 56 91 79 
47 20 74 25 62 30 69 41 25 50 52 11 42 38 60 16 21 24 18 32 27 57 16 38 30 47 61 49 51 53 26 38 33 35 76 15 59 10 34 44 10 50 45 40 27 16 47 34 59 30 51 37 45 53 46 37 33 55 34 13 16 24 52 61 42 51 47 23 20 44 36 22 26 48 20 31 38 56 62 34 23 55 31 48 16 44 30 38 33 49 47 24 30 37 30 48 68 43 40 25 
40 30 64 25 53 36 66 50 32 59 60 20 46 30 59 8 14 21 12 25 34 49 7 38 38 57 61 40 42 50 35 40 27 42 67 24 57 13 27 54 19 40 36 35 36 22 42 27 49 29 49 28 47 45 48 46 39 53 25 22 13 19 48 52 40 43 42 17 25 49 28 15 24 48 27 25 29 47 53 40 26 46 30 44 25 41 31 46 33 41 54 15 22 32 37 56 59 38 47 34 
7 67 37 39 31 78 90 90 74 98 101 56 86 12 89 34 28 54 46 18 61 9 40 73 79 96 54 33 22 78 67 49 49 67 36 64 84 55 48 92 60 19 36 17 74 64 64 18 37 35 78 17 84 48 53 81 61 83 36 58 51 50 27 50 73 50 67 27 67 63 41 45 58 81 57 22 35 40 24 65 66 43 35 23 61 26 68 75 39 48 96 30 41 57 78 98 35 62 89 71 
33 48 47 37 35 49 60 67 46 76 76 38 55 22 58 16 17 22 16 23 51 37 12 41 53 74 69 22 25 47 53 52 18 59 50 42 53 28 17 72 36 24 18 34 55 36 34 25 31 38 46 15 52 28 59 64 55 52 9 40 21 18 49 35 41 28 36 20 38 63 13 13 26 49 44 26 11 28 36 57 37 28 38 44 43 43 37 64 42 25 69 5 9 26 50 71 41 32 61 53 
5 50 62 6 74 0 45 41 31 35 97 3 71 81 44 97 95 10 90 18 92 81 56 43 52 86 33 34 38 7 21 99 55 0 92 43 63 89 54 94 63 90 21 23 66 88 11 1 20 41 76 53 25 71 30 18 17 41 96 12 19 95 0 64 0 94 1 51 54 90 83 81 20 91 5 48 8 67 76 26 3 26 97 7 51 41 1 59 20 84 22 11 15 54 46 1 51 15 19 33 