100 100 5
33 16 30 18 20 63 20 45 34 25 20 63 56 48 35 36 38 40 35 49 25 59 21 31 43 55 30 52 30 72 22 56 32 41 34 17 68 26 56 48 40 63 16 45 39 48 34 31 43 37 36 57 60 47 58 29 36 56 65 81 27 40 58 15 63 27 55 38 86 38 41 68 11 47 41 40 60 66 45 62 44 53 56 45 26 28 65 59 65 48 26 48 22 55 18 48 47 45 41 68 
74 40 65 35 60 103 65 96 66 54 73 111 4 7 36 83 89 68 88 102 75 97 73 82 77 3 26 78 82 74 75 29 23 84 50 37 80 79 34 70 13 98 65 66 18 4 28 83 61 21 81 103 92 74 68 67 83 37 63 85 75 84 104 68 104 77 3 67 90 36 83 116 52 68 25 84 65 14 59 105 23 101 57 16 75 80 83 79 95 75 48 100 56 44 35 58 83 53 74 78 
43 31 59 24 50 70 52 68 62 50 50 81 34 25 4 69 62 36 65 76 58 64 52 55 44 34 29 46 61 49 52 23 14 53 17 26 51 55 23 38 21 65 38 34 15 29 5 64 28 11 69 72 60 41 39 35 53 23 39 59 60 73 73 45 72 49 34 65 64 6 52 85 26 36 10 73 37 42 27 73 41 71 30 36 60 56 52 47 62 42 16 73 25 24 21 27 51 22 41 49 
35 65 86 60 76 42 76 60 91 81 60 63 73 66 38 86 59 19 70 73 76 35 64 55 23 74 69 13 69 21 63 51 56 38 27 62 11 62 46 9 63 33 47 12 56 71 47 77 15 53 89 53 26 14 8 32 44 42 22 26 79 94 53 58 45 50 74 95 30 37 36 65 45 10 49 94 15 79 15 49 82 57 21 78 77 61 10 6 25 13 33 68 35 34 57 15 27 20 23 13 
42 66 90 61 80 51 80 68 94 84 66 72 68 62 36 91 67 26 77 81 81 45 70 63 32 69 69 23 76 13 69 44 54 47 27 63 11 69 40 17 60 42 52 18 53 67 45 83 18 50 94 63 36 23 2 38 53 35 13 21 84 99 62 64 54 57 69 98 26 34 45 74 49 16 45 99 6 73 16 59 81 66 13 76 83 68 16 14 34 22 35 77 39 27 57 13 36 18 31 9 
24 25 36 26 26 54 24 36 41 33 13 54 63 55 37 35 29 34 29 41 25 50 16 22 35 63 39 45 24 69 16 60 38 32 32 26 63 19 59 43 47 55 7 40 45 56 38 28 39 42 37 47 52 40 54 21 27 58 63 77 27 42 49 9 53 17 63 45 81 40 32 59 10 42 45 42 57 73 41 52 53 43 55 53 26 20 59 53 57 42 25 40 17 56 25 45 39 43 33 64 
47 28 14 34 9 74 4 46 19 19 21 66 72 65 57 15 38 58 28 44 8 71 17 34 59 71 42 70 22 93 20 77 50 52 55 32 88 25 77 67 57 76 30 64 58 64 55 17 63 56 14 62 74 65 79 46 45 77 86 101 7 18 64 20 72 34 71 23 106 60 53 71 32 66 61 18 82 82 66 69 52 56 78 56 8 27 84 78 80 66 48 45 42 77 36 69 62 67 57 88 
31 78 85 77 77 6 73 29 90 86 50 19 106 98 70 72 35 38 49 41 66 11 55 38 29 107 90 34 52 66 52 91 83 22 57 77 53 47 87 42 92 16 47 44 87 101 77 61 49 83 77 13 21 36 55 38 27 84 69 66 70 82 11 53 2 38 107 95 69 72 22 19 56 44 82 82 61 115 53 4 104 20 66 103 68 45 44 42 25 36 57 36 50 77 75 56 23 60 32 56 
37 55 46 58 42 51 36 18 51 52 20 35 96 88 69 27 13 53 5 11 26 51 20 16 49 95 69 60 11 92 18 92 71 35 61 57 82 14 91 62 80 57 31 61 78 88 71 17 63 75 33 35 58 57 77 42 28 90 88 97 28 37 37 25 48 22 95 55 101 72 37 40 43 63 78 37 82 106 67 44 82 28 82 84 26 13 76 71 64 59 55 13 46 86 58 71 48 71 48 84 
75 46 18 53 28 100 28 70 15 28 48 89 84 79 79 27 63 86 50 64 31 98 44 60 87 83 55 97 46 120 46 96 68 79 81 51 115 51 98 95 72 104 58 92 76 77 75 37 90 75 21 87 102 93 105 73 72 99 112 128 28 17 89 47 98 61 83 13 133 82 80 94 59 94 81 17 108 94 92 95 59 81 103 65 30 53 111 106 107 94 73 67 69 100 56 95 89 92 85 115 
40 76 96 71 86 37 85 62 100 91 66 61 85 78 50 93 63 27 75 75 83 32 71 60 27 86 81 16 75 24 69 62 68 41 38 73 10 68 57 18 75 27 55 22 68 83 59 83 26 65 96 52 22 20 18 39 48 53 30 23 86 101 51 66 41 56 86 104 26 49 39 62 55 20 61 101 24 90 27 46 94 57 31 90 85 66 2 7 19 18 44 70 45 45 68 27 28 32 28 13 
45 19 48 13 39 74 42 66 51 38 44 81 32 24 16 60 60 42 60 73 50 69 46 52 49 32 18 53 55 60 47 32 7 55 25 15 61 51 33 46 16 71 35 42 14 25 10 57 37 11 59 73 66 48 49 38 53 34 50 71 51 63 74 40 75 47 32 53 76 18 54 86 23 44 16 63 49 42 37 76 31 71 42 28 51 51 62 56 69 49 20 71 26 35 9 38 55 33 46 60 
30 27 52 22 42 59 43 54 56 45 37 68 45 37 13 58 49 26 52 63 48 53 40 42 34 46 32 38 48 50 40 36 22 40 12 24 48 42 35 31 31 55 25 27 26 40 17 52 23 23 59 59 50 33 37 23 40 34 42 60 50 64 60 33 60 36 46 59 65 16 39 72 14 29 23 64 38 54 24 61 46 58 33 43 49 43 48 42 53 34 5 60 12 32 19 26 40 23 31 48 
57 83 107 78 97 58 97 81 111 101 82 82 81 76 52 108 82 41 93 94 98 53 87 77 45 82 85 34 91 8 85 55 70 60 44 79 12 84 50 32 75 49 69 34 68 81 60 99 35 65 110 73 43 36 19 54 66 46 19 4 100 115 72 80 62 72 82 115 9 50 58 83 66 32 59 115 18 84 33 67 96 78 26 91 99 83 20 24 40 35 52 90 56 38 74 30 48 34 45 10 
31 53 48 55 42 46 37 13 53 52 18 32 93 85 65 31 7 48 7 11 27 45 19 11 43 93 67 55 12 86 16 88 68 29 56 55 76 11 87 57 77 52 27 56 75 86 68 20 58 72 36 30 52 52 71 36 22 85 83 91 30 41 33 23 43 17 93 57 95 68 31 37 39 57 75 41 76 103 61 39 81 24 76 82 28 10 70 65 58 53 51 11 41 81 55 65 42 66 43 78 
38 70 91 65 81 41 80 62 96 86 63 63 78 71 43 89 62 23 73 75 80 35 68 58 26 78 74 14 72 20 66 55 61 40 32 67 8 65 50 13 68 31 51 17 61 75 52 80 20 58 93 54 25 17 11 35 47 46 24 22 83 98 53 62 44 53 78 100 27 42 38 65 50 14 53 98 17 83 20 49 87 58 24 83 81 64 5 4 23 16 38 70 40 38 62 20 28 25 26 10 
51 45 73 38 64 74 66 77 76 64 62 88 35 29 12 83 73 39 77 87 72 67 65 66 48 36 41 46 73 39 65 13 26 60 21 40 44 67 11 37 29 67 49 34 22 34 16 77 28 20 83 79 61 43 33 43 61 9 28 50 74 87 79 58 76 60 36 79 54 9 58 92 39 35 13 87 29 40 25 78 51 79 21 45 73 67 48 44 62 43 25 84 35 10 35 23 54 18 45 42 
28 59 80 55 70 38 69 53 84 75 52 58 71 63 35 78 53 12 63 66 69 32 57 48 17 71 64 9 62 28 55 50 52 32 22 56 18 55 46 2 60 30 40 5 53 68 44 69 10 50 81 48 24 8 13 24 38 43 26 33 72 86 48 51 41 43 71 88 37 34 30 60 39 3 46 86 19 77 12 45 78 51 23 74 70 54 15 9 25 7 28 62 28 35 51 14 22 19 16 20 
49 66 91 60 82 61 82 76 96 84 71 81 62 56 33 95 74 33 83 88 85 55 75 69 40 63 66 32 81 12 74 36 51 55 29 62 19 74 32 25 56 52 57 25 49 62 41 87 23 46 97 72 46 32 11 44 60 27 3 23 87 102 71 68 64 63 63 99 27 31 53 84 51 24 40 102 4 66 19 68 77 75 7 72 86 73 25 24 44 31 36 84 42 19 56 15 45 17 39 16 
22 67 81 64 71 17 69 38 86 79 48 38 88 80 51 74 41 19 54 52 66 11 53 39 11 89 76 12 55 45 50 70 66 18 38 65 32 48 66 20 75 11 39 23 69 84 60 63 28 66 78 29 6 14 33 25 26 63 47 46 69 83 28 49 20 36 89 90 50 52 17 40 44 22 64 83 40 96 32 24 90 34 44 88 67 46 24 21 11 14 40 47 35 55 61 35 7 39 14 35 
45 42 69 35 60 69 62 72 73 61 57 83 38 31 8 78 67 34 72 81 68 62 60 60 43 39 40 42 68 38 60 19 25 54 16 38 42 62 16 33 29 62 44 30 22 36 15 72 24 20 79 73 56 38 30 38 56 14 28 49 69 83 74 53 71 54 39 76 54 5 53 86 34 31 14 83 27 44 21 73 51 74 20 45 69 62 45 41 58 38 20 78 30 13 32 20 49 15 40 40 
39 30 23 35 16 65 11 38 28 26 12 57 73 66 54 17 29 51 21 36 7 62 8 25 51 73 45 62 14 87 11 75 50 43 50 33 81 16 75 60 58 67 23 57 58 66 53 13 57 55 19 53 66 57 72 38 36 75 81 95 9 24 55 11 63 25 73 32 99 57 44 62 28 60 60 24 76 84 60 60 57 47 73 59 8 18 76 71 71 59 43 37 36 73 36 63 53 62 49 82 
30 60 57 62 51 38 46 5 62 61 25 23 98 90 68 39 6 46 16 9 36 39 27 14 40 98 74 51 21 84 24 91 73 25 57 61 73 19 89 55 82 45 31 54 80 91 72 29 57 76 45 22 47 49 70 36 19 87 82 88 39 50 24 29 35 19 98 65 92 70 27 28 43 55 78 50 75 108 61 31 88 15 76 88 37 17 66 62 52 50 53 5 44 82 61 65 38 66 40 75 
77 52 79 46 73 102 77 101 81 68 81 114 13 16 35 96 95 67 97 109 86 96 83 88 77 15 40 75 91 64 83 17 31 86 49 48 73 87 22 67 24 96 71 64 23 20 30 93 58 26 94 106 90 72 61 69 87 26 53 75 87 97 106 76 104 82 15 83 79 34 85 118 59 65 24 97 57 12 55 106 40 105 49 33 87 88 77 73 91 72 50 106 59 35 45 53 83 48 74 70 
24 32 36 33 27 51 24 30 41 36 6 48 70 62 44 31 22 36 22 34 21 48 10 15 36 70 45 47 17 73 9 67 46 29 38 33 66 12 66 45 54 53 8 43 53 63 46 22 43 50 34 42 51 42 58 23 23 65 68 80 24 39 44 4 50 12 70 45 85 47 30 53 17 45 53 39 62 81 46 48 59 38 60 60 23 13 62 56 56 44 31 33 23 62 33 50 38 49 34 67 
34 47 40 50 34 52 29 21 45 45 13 40 88 80 63 23 14 49 3 18 19 51 12 13 46 88 61 58 4 88 10 85 64 34 55 49 79 7 85 59 72 57 25 57 71 81 64 12 58 68 29 38 57 54 73 37 26 83 84 93 22 33 40 17 50 18 88 49 98 65 35 45 36 59 71 33 77 98 62 46 74 31 76 76 20 7 73 68 63 56 49 19 40 80 50 66 46 66 45 80 
27 33 34 36 26 53 22 29 39 36 2 47 73 65 48 27 21 40 18 31 18 50 6 15 39 73 47 50 13 77 5 71 49 31 42 35 70 9 70 49 57 55 12 47 56 66 49 18 47 53 30 42 54 46 62 27 24 69 72 84 21 35 44 3 51 13 73 44 89 51 32 52 21 49 57 35 66 84 50 49 61 37 64 62 19 10 65 59 59 47 35 30 27 66 36 54 41 53 38 71 
49 30 13 36 10 75 5 47 18 20 23 66 74 67 59 14 39 60 28 44 8 72 18 35 61 73 44 72 23 96 21 79 52 54 57 34 90 26 80 69 58 78 32 66 60 66 57 17 65 58 12 63 76 67 81 48 47 80 89 103 6 16 65 21 73 35 73 22 108 62 54 71 35 69 64 16 84 84 68 70 54 57 80 57 7 28 86 80 81 68 50 46 44 79 38 71 64 69 59 91 
49 36 18 41 16 73 11 44 22 25 22 63 79 72 63 8 36 62 24 40 4 71 17 33 61 78 49 72 19 98 20 83 57 53 60 39 91 24 84 71 64 77 33 68 65 71 61 12 67 63 9 60 76 68 83 49 45 84 91 105 1 13 63 22 71 34 78 26 110 66 54 68 38 70 68 13 86 89 70 68 60 54 83 63 3 26 87 81 81 69 53 42 46 83 43 74 63 72 60 92 
29 72 88 69 79 22 76 47 93 85 56 45 90 82 53 82 49 22 62 60 73 16 61 47 17 90 80 11 63 39 59 70 69 27 40 70 25 56 66 19 78 12 46 23 71 86 62 72 29 68 86 36 6 15 29 31 35 62 43 39 77 91 35 56 25 44 90 97 42 53 25 46 50 21 65 91 36 97 31 30 94 41 41 91 75 54 17 16 5 15 43 55 40 54 66 34 15 38 20 29 
48 6 34 2 27 78 31 64 37 25 39 81 38 31 29 49 57 49 54 68 40 73 39 50 55 37 11 61 48 73 41 44 16 57 35 2 72 45 46 55 22 77 34 51 24 30 23 48 47 23 48 74 72 56 61 42 54 47 63 83 41 51 76 34 78 45 37 40 88 32 57 86 23 53 29 51 61 48 48 78 25 71 55 25 41 47 72 66 76 57 29 67 31 49 5 49 61 45 52 72 
33 34 60 29 50 59 51 59 64 52 44 71 45 37 8 66 54 25 59 68 56 53 47 47 33 45 37 35 55 43 47 31 24 43 6 31 42 49 29 27 32 54 31 23 26 40 16 60 18 22 67 62 48 30 30 25 43 27 34 52 58 72 62 40 61 41 45 67 57 10 41 75 22 25 21 72 31 53 17 62 50 62 25 46 57 49 42 37 51 31 7 65 16 24 25 19 40 15 30 41 
60 73 99 66 90 71 91 87 103 91 81 92 62 58 39 105 85 44 94 99 94 65 85 80 51 63 71 43 91 14 84 35 55 66 38 69 27 84 30 36 59 62 67 36 51 63 46 97 33 50 106 83 56 43 22 55 71 27 8 24 97 111 82 78 75 74 63 107 27 36 64 94 60 35 43 111 15 64 29 79 80 86 15 74 96 84 34 34 54 42 45 95 52 20 63 25 56 26 50 23 
34 64 60 66 54 40 49 7 64 64 29 21 102 94 72 41 11 50 18 6 39 41 30 18 44 102 78 55 24 88 28 95 77 29 62 65 76 22 94 58 86 47 36 58 84 95 76 31 61 81 47 22 49 53 73 41 23 91 86 91 42 51 24 33 36 24 102 68 95 75 31 26 48 59 83 51 79 112 65 31 92 15 80 93 40 21 69 65 55 54 58 1 48 87 65 69 41 71 44 79 
63 49 77 42 70 87 73 89 80 67 72 101 25 22 22 90 84 52 88 98 80 81 74 77 62 27 41 59 83 48 75 1 27 73 34 45 56 78 6 51 25 80 60 48 20 27 21 86 42 20 90 92 74 56 45 56 74 10 37 59 81 93 92 68 89 71 27 82 63 20 71 105 49 49 14 93 40 28 39 91 47 92 32 40 81 78 60 57 75 56 37 95 47 18 40 36 68 32 59 53 
35 75 93 71 83 30 82 56 98 89 62 54 88 80 52 88 57 24 70 69 80 25 67 55 23 88 81 12 70 31 65 66 69 35 39 72 17 63 61 18 77 20 51 22 70 85 61 78 27 67 92 45 15 17 23 36 42 57 36 30 83 97 44 62 34 51 88 102 33 51 33 55 53 20 63 97 29 94 29 39 95 50 36 91 81 62 9 9 12 16 44 64 43 49 68 30 22 35 24 20 
3 45 58 43 49 33 47 30 63 56 27 41 73 65 39 53 27 15 37 41 44 28 32 22 13 73 56 24 36 54 30 61 49 13 26 44 44 28 59 24 58 32 16 23 54 67 45 43 25 50 57 32 29 20 39 5 14 56 50 59 47 62 33 27 33 17 73 67 64 40 12 45 22 24 50 62 44 82 29 34 71 31 44 69 45 27 39 34 34 21 24 37 16 51 41 33 16 34 11 46 
44 25 53 18 44 72 47 67 56 44 47 81 32 23 10 64 61 39 63 74 54 67 49 54 47 32 23 50 57 55 49 27 9 54 21 20 56 53 28 42 17 68 36 38 13 26 5 60 33 9 64 73 63 45 44 36 53 28 45 65 55 68 74 42 74 48 32 59 70 13 53 86 24 40 12 68 43 41 32 75 35 72 37 31 55 53 57 52 66 46 18 72 25 30 15 33 53 28 44 55 
21 34 55 30 45 49 45 47 60 50 34 59 55 47 20 58 42 17 48 56 47 43 38 36 24 55 41 29 45 47 37 43 32 31 10 31 42 38 41 23 41 46 20 20 36 50 26 50 17 32 60 50 41 24 33 13 31 39 40 55 50 64 51 31 50 29 55 64 60 22 30 63 14 22 32 64 35 64 19 51 56 50 32 53 49 38 40 35 44 25 6 53 5 35 27 22 30 21 21 43 
63 23 12 29 15 92 20 68 11 5 42 87 59 54 57 35 60 70 51 67 31 88 38 55 73 58 30 82 45 99 41 72 43 70 61 27 97 47 74 78 47 93 45 74 51 51 51 40 71 50 30 83 90 77 86 59 64 75 91 109 29 31 85 38 91 53 58 12 114 60 70 92 41 76 57 31 87 69 73 89 35 77 82 40 30 49 95 89 95 79 53 68 51 77 33 75 77 72 71 97 
34 64 60 66 54 40 49 7 64 64 29 21 102 94 72 41 11 50 18 6 39 41 30 18 44 102 78 55 24 88 28 95 77 29 62 65 76 22 94 58 86 47 36 58 84 95 76 31 61 81 47 22 49 53 73 41 23 91 86 91 42 51 24 33 36 24 102 68 95 75 31 26 48 59 83 51 79 112 65 31 92 15 80 93 40 21 69 65 55 54 58 1 48 87 65 69 41 71 44 79 
39 44 70 38 60 61 62 66 74 62 53 76 46 39 11 76 62 26 68 76 66 54 57 55 35 47 44 34 64 34 57 26 30 47 10 40 35 58 23 25 36 54 40 22 29 43 20 70 16 26 77 66 48 30 23 31 50 20 24 44 68 82 67 50 63 49 47 77 49 10 46 79 32 23 21 82 22 52 13 65 56 67 16 51 67 58 37 33 50 30 16 73 25 15 34 12 42 7 33 34 
31 18 31 19 21 61 21 44 36 27 19 61 57 49 35 36 36 38 34 48 25 57 20 29 41 56 31 50 29 71 21 56 32 39 32 18 66 25 56 46 41 61 14 43 40 49 34 31 41 37 37 55 58 45 57 27 34 56 64 79 27 41 56 14 61 25 56 40 84 38 39 66 10 45 41 41 59 67 43 60 45 51 55 46 27 26 63 57 63 47 25 47 20 54 19 46 45 44 39 67 
52 67 93 61 83 64 84 79 97 86 73 84 61 56 34 98 77 36 86 91 87 58 77 72 43 62 67 35 84 12 76 35 51 58 31 63 22 77 30 28 56 55 59 28 48 61 42 90 25 46 99 75 49 35 14 47 63 26 1 23 89 104 74 70 67 66 62 100 27 31 56 87 53 27 40 104 8 64 22 71 77 78 8 71 89 76 28 27 47 34 38 87 45 18 57 18 48 19 42 18 
41 78 76 80 70 33 65 17 81 80 44 9 115 106 82 57 25 55 34 20 55 37 46 32 47 115 92 56 40 90 43 105 90 33 70 79 77 38 102 62 99 43 48 63 96 108 87 47 67 92 63 16 47 56 77 49 31 100 90 91 58 67 17 48 29 36 115 84 95 84 34 12 60 63 93 67 83 124 71 24 106 13 85 107 56 36 69 66 51 56 67 17 58 94 79 75 42 77 49 80 
41 47 73 40 64 62 65 68 77 65 57 78 46 39 13 79 65 28 71 79 69 56 60 58 37 47 47 34 67 31 60 25 32 50 13 43 34 61 21 26 37 55 43 23 30 44 22 73 17 27 81 68 49 31 22 34 52 18 21 42 71 85 69 53 65 52 47 80 47 11 48 81 35 24 22 85 20 52 14 67 58 69 13 53 70 61 37 33 50 31 20 75 28 12 37 12 43 7 35 32 
69 26 48 24 44 99 49 86 48 36 61 103 23 19 38 67 79 67 75 90 59 93 60 72 74 21 11 78 69 82 62 42 20 78 50 24 85 67 46 71 15 96 55 67 22 15 30 68 62 24 65 96 91 74 73 62 75 48 72 93 59 66 97 56 99 67 21 49 98 40 77 108 44 69 31 66 71 32 61 99 7 93 64 4 60 69 86 81 94 74 46 89 51 54 25 62 80 57 71 84 
39 12 25 16 15 69 17 50 29 19 23 68 54 47 38 34 42 46 38 52 24 65 23 35 49 54 26 58 32 77 25 57 31 47 38 14 73 30 58 54 39 69 22 50 39 47 35 32 48 37 34 62 66 53 63 35 42 58 69 86 25 37 64 19 68 32 54 33 91 41 47 73 17 52 42 37 65 65 50 67 40 58 61 41 25 31 71 65 71 54 30 52 27 58 17 52 53 50 47 73 
40 36 63 30 54 65 56 65 67 55 50 77 39 32 3 71 61 30 65 75 61 59 53 54 39 40 36 40 61 42 53 24 21 49 11 32 44 55 23 31 28 60 37 28 21 36 12 65 22 18 72 68 54 35 32 32 50 21 32 52 62 76 69 46 67 48 40 70 57 4 48 81 27 29 15 76 30 47 20 69 48 68 24 43 62 55 45 40 56 36 14 72 23 19 26 20 46 15 36 42 
35 69 66 71 60 35 55 9 71 71 34 15 107 98 75 48 16 50 25 12 46 37 37 23 43 107 83 53 31 87 34 98 82 28 64 70 75 29 96 58 91 43 40 58 88 100 80 38 62 85 54 17 46 52 73 42 24 94 86 90 49 58 19 39 31 28 107 75 93 77 30 19 52 59 86 58 79 116 66 26 97 10 81 98 47 27 67 64 51 53 60 8 51 88 70 70 39 72 44 78 
56 84 107 78 97 57 97 81 111 101 82 81 82 76 52 107 81 41 92 94 98 52 86 77 45 83 85 33 91 9 85 56 71 59 45 80 11 84 51 31 76 47 69 34 68 82 61 98 35 66 110 72 42 36 19 54 66 47 20 4 100 115 71 80 61 72 83 115 8 50 57 82 66 32 60 115 19 85 33 66 97 77 26 91 99 83 19 23 38 35 52 89 56 39 74 31 47 34 45 9 
54 49 77 42 68 76 71 80 80 68 66 91 36 31 16 87 76 41 81 90 76 69 69 69 51 37 45 48 77 37 69 12 29 63 25 44 44 71 8 39 31 69 53 36 24 36 20 81 30 23 87 82 62 45 33 46 65 5 26 48 78 91 82 62 78 63 37 83 53 13 61 94 43 37 16 91 28 40 27 81 53 82 20 47 77 71 48 45 63 45 29 87 39 7 39 24 57 20 48 41 
45 67 91 61 81 54 82 71 96 85 68 75 67 61 36 93 70 29 80 84 83 48 72 65 35 68 69 26 78 11 71 42 54 50 28 63 13 71 38 20 60 45 55 21 52 66 44 85 20 50 96 66 39 26 5 40 55 34 9 20 86 100 65 66 58 60 68 99 25 34 48 77 50 19 44 100 3 72 17 62 81 69 11 75 85 70 18 17 37 25 36 79 41 25 58 14 39 18 34 10 
10 48 64 45 55 33 53 37 69 61 35 46 71 62 35 61 35 6 45 49 52 27 40 30 8 71 57 17 44 45 38 56 48 17 21 46 36 37 53 16 57 30 23 14 52 66 42 52 17 48 64 36 25 12 30 7 21 50 42 51 54 69 37 34 34 25 71 73 55 36 16 49 25 16 47 69 35 79 21 36 71 37 36 69 53 36 31 25 29 13 21 45 16 44 42 25 14 27 5 38 
62 26 6 32 12 90 16 65 6 7 39 84 64 59 59 30 57 70 47 63 26 87 35 52 73 63 34 82 41 101 38 75 47 69 62 30 98 44 77 78 51 92 44 75 55 56 55 35 72 54 25 80 89 77 88 59 62 78 93 110 24 25 82 36 89 51 63 9 115 62 69 89 42 77 60 25 89 74 74 87 40 75 84 45 26 46 95 90 94 79 55 64 52 80 36 77 77 74 71 98 
31 46 70 41 60 52 61 58 74 63 49 67 54 47 18 73 55 17 63 69 63 45 53 49 26 55 49 25 60 32 52 35 36 39 7 42 30 53 32 16 43 45 35 13 37 51 27 66 7 33 75 58 39 21 18 24 42 29 25 41 65 80 58 46 54 43 55 78 46 18 37 70 29 14 30 80 20 61 5 56 62 59 17 58 64 53 30 25 41 21 15 65 21 22 37 7 33 6 24 29 
62 15 33 17 30 93 35 76 34 22 50 94 36 31 41 54 69 64 64 79 46 88 49 62 70 35 8 76 57 86 51 51 24 72 50 16 86 56 54 70 25 91 47 66 30 28 34 55 62 30 51 88 87 71 75 56 67 56 76 96 46 52 89 45 93 58 35 35 101 44 71 99 38 68 37 52 74 46 62 92 14 84 68 17 47 58 86 81 91 72 44 78 46 60 20 63 75 59 67 85 
58 10 28 14 24 88 29 70 29 17 44 89 41 35 41 48 62 61 57 72 40 83 43 56 66 40 11 73 51 85 45 53 25 66 48 12 84 50 56 67 28 87 42 63 32 33 34 49 59 32 45 82 83 68 73 52 62 57 75 95 39 47 84 39 88 52 40 31 100 43 66 94 33 65 39 47 73 51 60 87 20 78 67 23 40 52 84 78 87 69 41 72 42 60 17 61 71 57 63 84 
23 60 62 61 55 29 50 5 67 64 27 19 96 87 63 47 10 38 24 19 42 29 31 14 31 96 73 42 28 76 28 86 71 16 52 61 64 23 84 46 80 35 29 46 77 89 68 36 49 73 53 14 37 40 61 30 12 81 74 79 45 57 16 31 26 17 96 71 83 65 18 24 41 47 74 57 67 105 54 22 88 9 68 88 43 21 57 52 42 41 48 14 39 76 60 58 28 59 32 66 
24 67 83 64 73 21 71 43 88 80 51 43 86 78 49 77 45 17 58 56 68 15 56 43 12 86 75 8 58 40 53 67 65 22 35 65 27 51 63 16 73 13 41 19 67 82 58 67 25 64 81 34 7 11 28 26 30 59 42 41 71 86 33 51 25 39 86 92 45 50 21 45 45 18 61 86 35 93 28 29 90 38 40 87 70 49 19 16 10 11 39 52 35 52 61 31 10 35 14 30 
36 76 94 73 84 28 82 55 99 90 63 52 90 83 54 89 57 26 70 68 80 23 68 55 23 91 83 13 70 34 65 68 71 34 41 74 19 63 64 20 79 18 52 24 73 87 63 79 29 69 93 44 13 18 25 37 42 60 38 32 83 98 42 63 32 51 91 103 35 54 33 53 54 22 66 98 32 96 31 37 97 49 38 93 81 62 11 12 9 17 46 63 44 52 69 33 22 38 25 23 
64 22 15 28 17 94 23 71 14 7 44 90 56 51 56 38 63 71 54 70 34 90 41 57 75 55 28 83 48 99 44 70 42 72 61 26 97 49 72 78 44 95 47 75 49 49 50 43 72 48 34 85 91 78 86 60 66 73 90 109 32 34 87 40 93 55 55 15 114 59 72 95 42 77 55 34 87 66 73 91 31 80 82 37 34 51 95 90 96 79 53 71 52 76 32 75 79 71 72 97 
40 75 95 71 85 38 84 62 100 91 67 62 84 77 49 93 64 26 75 76 83 33 71 60 27 85 80 16 75 23 69 61 67 41 37 72 9 68 56 18 74 29 55 22 67 81 58 83 25 64 96 53 23 20 17 39 48 52 28 22 86 101 52 66 42 56 85 104 26 48 39 63 55 19 60 101 22 89 26 47 93 58 30 89 85 67 1 7 20 18 44 71 44 43 67 26 29 31 28 12 
64 40 12 46 19 89 18 59 13 23 37 78 81 75 72 16 51 75 39 53 20 87 32 49 76 80 51 87 34 110 35 90 62 68 72 44 105 39 91 84 67 92 47 81 70 73 68 26 80 69 10 76 91 82 96 63 61 92 103 118 17 8 78 36 87 50 80 14 123 75 69 83 49 83 75 8 98 91 82 84 58 69 94 63 19 41 101 95 96 83 64 56 59 92 49 85 78 83 74 105 
12 46 64 43 54 36 52 39 68 60 35 48 68 60 32 61 37 6 46 51 52 30 40 32 10 68 54 17 45 44 38 53 45 20 18 44 36 38 50 15 54 32 23 13 49 63 39 52 15 45 64 39 27 13 29 7 23 47 40 50 54 69 39 34 37 26 68 72 55 33 18 52 24 15 44 69 34 76 19 39 69 40 34 66 53 37 31 25 31 14 19 47 14 41 40 23 17 25 7 37 
31 30 29 34 21 58 17 33 34 31 6 52 72 64 49 23 25 44 19 34 13 55 4 19 44 72 45 55 13 81 6 71 48 36 44 32 74 12 71 53 56 60 16 51 55 64 49 16 50 53 26 47 59 50 66 31 29 70 75 88 16 31 49 4 56 18 72 38 93 52 37 57 22 53 57 31 69 82 53 54 58 42 67 60 15 13 69 64 64 52 37 34 30 68 34 57 46 56 42 75 
15 39 58 36 48 42 48 42 63 54 33 53 62 53 26 58 38 11 46 52 48 37 37 32 17 62 47 24 43 46 36 48 38 25 14 37 40 36 46 19 47 39 19 16 42 56 33 50 16 39 61 44 34 19 31 8 26 44 41 53 51 65 45 31 44 26 62 67 58 28 23 57 17 18 38 65 35 70 19 45 62 44 34 59 49 36 36 31 38 20 12 49 7 39 33 23 23 23 14 40 
45 37 22 42 19 69 13 39 27 29 18 58 80 73 62 9 31 58 19 35 2 67 13 28 57 80 51 69 14 95 15 83 58 48 58 40 88 19 83 67 65 72 30 65 65 72 61 7 65 63 12 55 71 64 80 45 41 83 89 102 4 17 58 19 66 30 80 31 107 65 49 63 36 67 68 17 84 91 68 63 62 49 81 65 2 21 83 78 77 66 51 37 44 81 43 71 59 70 56 89 
40 46 72 40 63 62 64 67 76 64 56 77 46 39 13 78 64 27 70 78 68 55 59 57 36 47 46 34 66 32 59 25 31 49 12 42 34 60 22 25 37 55 42 22 30 44 22 72 16 27 80 68 49 30 22 33 51 19 22 42 70 84 68 52 64 51 47 79 47 11 47 80 34 23 22 84 20 52 13 66 58 69 14 53 69 60 36 32 50 31 19 74 27 13 36 11 43 6 34 32 
64 89 113 83 103 64 103 88 118 107 89 88 84 79 57 114 88 48 99 101 104 59 93 84 52 86 90 41 98 12 92 58 75 66 50 85 19 91 53 38 79 54 75 40 72 85 65 105 41 70 117 79 49 43 25 61 73 49 23 4 107 122 78 87 68 79 86 121 4 55 65 89 72 39 64 122 24 87 39 73 101 84 30 95 106 90 26 30 45 42 58 96 62 42 80 36 54 40 52 17 
82 45 69 41 65 110 70 103 69 58 79 118 8 15 44 88 96 76 94 108 80 104 79 89 85 7 31 86 88 81 81 35 30 92 57 43 87 85 40 78 21 106 71 74 25 11 35 88 68 29 86 110 100 82 76 74 90 43 70 92 80 88 111 74 111 83 7 70 96 44 90 123 59 76 32 88 72 12 66 112 24 108 64 18 80 87 90 86 102 82 56 107 63 51 41 65 91 60 81 85 
9 39 54 37 44 40 43 34 59 51 26 47 67 58 33 51 30 16 38 44 42 35 30 24 17 67 49 27 35 53 29 55 42 19 22 37 45 28 53 25 52 38 13 22 47 61 38 43 23 44 54 38 34 22 38 3 19 51 49 60 45 59 39 24 40 18 67 63 64 35 18 51 16 24 44 59 42 76 27 40 64 37 41 62 43 28 41 35 39 24 18 41 9 47 34 31 22 31 15 47 
77 36 58 33 54 106 60 96 58 47 71 112 15 16 42 78 88 73 86 100 70 100 71 81 81 14 22 84 80 84 73 39 25 86 55 34 88 77 44 76 17 102 65 72 24 11 33 79 67 27 75 105 97 79 76 69 84 47 73 95 70 77 106 66 107 77 14 59 99 43 85 117 53 74 32 77 73 23 65 107 13 102 66 7 71 79 90 85 100 80 52 99 58 54 34 65 87 60 78 86 
24 27 36 28 27 53 25 35 41 34 12 52 64 56 38 35 28 33 28 40 25 49 15 21 35 64 40 45 23 69 15 61 39 31 33 27 63 18 60 42 48 54 6 40 47 57 40 28 39 43 37 46 51 40 54 21 26 59 63 77 27 42 47 8 52 16 64 45 82 41 31 57 11 42 47 42 58 74 42 51 54 42 55 55 26 19 59 53 56 42 25 38 18 57 27 45 38 44 33 64 
36 66 88 61 78 42 77 61 92 82 61 64 74 67 39 87 61 20 72 74 77 36 66 56 25 75 70 14 70 20 64 51 57 39 28 63 10 63 47 11 64 33 48 13 57 71 48 78 16 54 90 54 27 16 8 33 46 43 21 24 80 95 54 60 46 51 75 96 29 38 37 66 47 11 49 95 14 79 16 50 83 58 21 79 79 62 9 6 26 14 35 69 36 34 58 16 28 21 24 11 
27 54 51 56 45 41 40 9 56 55 19 28 93 84 63 35 2 44 12 12 31 40 21 9 39 92 68 50 16 82 18 86 68 25 54 55 72 13 85 53 77 47 26 52 74 86 67 25 54 71 41 26 48 47 67 33 17 83 80 87 34 45 28 24 38 15 92 60 91 66 26 33 38 53 73 45 73 103 58 34 82 19 73 83 32 11 65 61 53 49 49 10 39 79 55 62 37 63 39 74 
46 86 86 87 79 30 74 26 90 89 53 8 121 112 87 67 34 58 44 30 65 35 55 40 49 121 100 57 50 90 52 109 96 36 74 87 76 47 106 63 105 40 55 65 102 115 93 57 69 98 73 17 45 57 77 53 36 103 91 90 68 77 17 57 26 44 121 94 93 89 38 5 67 65 99 77 84 130 73 21 114 18 87 114 66 45 68 66 49 58 72 27 64 97 86 77 43 80 51 80 
55 35 12 41 14 80 10 51 16 21 28 70 78 71 65 11 43 67 31 46 11 78 23 40 67 77 48 78 26 102 26 84 57 59 64 39 96 31 85 76 63 83 38 73 65 70 62 18 72 63 7 67 82 73 87 54 52 85 95 110 8 10 69 27 78 41 77 19 115 68 60 75 41 75 69 10 90 88 74 75 56 61 87 61 10 33 92 86 87 75 56 49 50 85 43 77 69 75 65 97 
77 46 72 41 67 105 71 100 73 61 78 115 3 10 37 90 93 70 93 106 81 98 79 86 79 4 33 79 88 72 80 25 27 87 51 43 79 84 30 71 18 99 69 67 21 11 30 89 61 24 88 106 93 75 67 69 86 34 61 83 81 90 107 73 106 81 4 74 87 37 86 119 57 69 25 90 63 8 59 107 30 105 55 23 81 85 82 78 95 76 50 105 59 42 40 58 85 52 76 77 
71 37 11 44 21 98 23 70 6 18 46 89 74 69 71 29 62 80 50 66 30 95 41 58 82 73 45 92 45 112 44 87 59 76 74 42 109 49 89 89 62 100 53 85 66 67 66 38 83 65 23 86 98 87 99 68 69 90 104 121 27 21 88 44 96 58 73 3 126 74 77 94 52 88 72 21 100 84 85 94 49 80 96 55 29 51 106 100 103 89 66 68 62 92 47 88 85 85 80 109 
44 11 20 17 11 74 14 53 24 14 26 72 55 48 42 32 45 51 40 55 23 70 25 39 55 54 25 63 33 82 27 60 33 52 43 15 78 32 61 59 39 74 27 56 41 47 38 32 53 39 31 66 71 58 68 40 47 62 74 91 24 34 68 22 73 36 54 28 96 45 52 77 22 58 45 34 70 65 55 72 38 62 65 40 24 34 76 70 76 60 35 55 33 62 19 57 59 54 52 79 
71 33 13 40 21 100 25 74 9 15 48 93 68 63 67 35 65 80 55 70 34 97 44 61 83 67 40 92 49 110 47 82 54 78 71 38 107 52 84 88 56 101 54 84 61 60 62 42 82 60 29 89 99 87 97 68 71 85 101 119 31 28 91 45 98 60 67 6 124 70 78 98 51 86 67 28 98 77 83 96 42 83 93 48 33 54 105 99 104 88 64 72 61 88 43 85 86 82 80 107 
12 52 58 51 49 30 45 15 63 58 23 28 85 76 52 47 14 28 26 27 40 27 27 11 22 85 64 34 27 66 24 75 60 9 40 51 56 21 73 37 69 33 20 36 66 79 57 36 39 62 51 21 33 31 52 19 1 70 64 71 43 56 22 25 28 10 85 67 75 54 11 33 31 37 63 56 57 94 43 26 79 18 58 78 41 19 49 44 38 33 37 23 28 65 50 47 21 49 23 58 
33 65 86 60 76 39 75 58 91 81 59 61 74 67 39 85 58 18 69 71 75 33 63 54 22 75 70 11 68 23 62 52 57 36 27 62 12 61 48 8 64 31 46 12 57 72 48 75 15 54 88 51 24 13 10 31 43 44 24 27 78 93 51 57 43 49 75 95 31 38 35 63 45 9 50 93 17 80 16 47 83 55 23 79 76 60 9 4 23 11 34 66 35 36 57 17 25 22 22 14 
52 42 70 35 61 77 64 78 73 60 61 90 30 24 11 81 73 42 77 87 70 70 64 66 51 31 37 50 72 44 64 12 21 62 23 37 49 67 11 41 24 70 49 38 17 29 13 76 32 15 81 81 64 46 37 44 63 11 33 55 72 85 81 57 79 60 31 76 59 9 60 94 38 39 8 85 34 36 29 81 46 81 26 40 72 67 52 48 66 46 26 84 35 15 32 28 57 22 48 47 
56 41 18 47 20 79 16 49 21 28 29 67 84 77 70 5 41 69 28 42 11 77 24 39 68 83 54 79 24 105 26 90 63 59 68 45 98 30 91 78 69 83 40 75 71 76 68 15 75 69 1 65 82 75 90 56 51 90 98 112 9 6 67 29 77 41 83 24 117 73 60 72 45 77 75 6 93 95 77 73 63 59 90 67 10 31 94 88 88 76 60 45 54 90 49 81 70 79 67 99 
42 10 38 4 29 73 32 60 41 29 36 77 39 31 24 50 53 43 52 65 40 68 37 46 49 39 16 55 46 67 38 42 15 52 30 6 66 43 43 49 23 71 29 45 23 32 20 47 41 21 49 69 66 50 55 36 49 43 58 77 41 53 71 31 73 41 39 44 82 27 51 82 18 47 26 53 55 50 42 73 31 67 50 30 41 44 66 60 70 51 23 64 25 45 1 43 55 40 46 66 
13 39 47 39 38 41 35 25 52 46 14 41 73 65 42 40 19 27 25 33 31 37 19 12 26 73 51 37 23 65 17 65 48 19 33 38 57 16 64 36 57 42 7 34 54 66 46 31 35 51 44 34 40 33 50 14 14 62 61 71 34 49 35 14 40 6 73 56 76 45 19 46 18 36 53 49 55 83 39 39 66 31 54 65 33 16 52 46 46 34 28 30 18 58 37 43 28 43 24 58 
50 30 59 23 50 78 54 74 61 49 54 88 26 18 11 71 68 43 70 81 61 72 56 61 52 26 25 53 65 54 57 20 9 60 25 26 57 60 22 45 14 73 43 41 7 22 3 67 36 4 71 79 67 49 45 42 60 23 43 65 62 74 80 49 79 55 26 64 70 12 59 92 31 43 5 74 43 35 34 80 35 78 36 29 62 61 59 54 70 50 23 79 32 26 21 34 58 29 49 56 
27 58 56 59 50 37 45 4 61 60 23 23 96 87 65 40 4 43 17 12 36 37 26 11 37 95 72 48 21 81 23 88 71 22 55 59 70 18 86 52 80 43 29 51 77 89 69 29 54 74 46 21 44 46 67 33 16 84 79 85 39 50 23 28 34 17 95 65 89 67 24 28 41 52 76 50 72 105 58 30 86 14 73 86 37 16 63 59 50 47 50 8 41 79 59 62 35 63 37 73 
41 27 19 32 12 68 7 42 24 22 16 61 70 63 52 18 34 52 25 41 8 65 12 29 53 70 41 64 19 88 15 73 47 47 50 30 82 20 74 62 55 71 24 59 55 62 51 16 58 53 19 57 69 59 73 40 40 73 81 96 9 23 59 14 66 28 70 28 101 56 47 66 27 61 58 23 76 81 60 64 53 51 73 56 9 22 78 72 74 61 42 42 36 72 33 64 56 62 51 83 
42 19 47 12 38 72 41 63 50 37 42 79 35 26 16 58 57 39 58 70 48 66 43 50 47 35 19 51 52 60 44 33 10 52 23 14 60 48 34 44 19 68 32 40 17 28 11 54 35 14 58 71 63 46 48 35 50 35 50 70 49 61 72 37 72 44 35 53 75 18 51 83 20 42 18 61 48 45 35 73 33 69 42 30 49 49 60 54 67 47 18 68 24 36 9 36 53 32 44 59 
40 14 22 18 12 70 14 49 26 17 22 68 57 49 41 31 41 48 36 51 21 66 21 35 51 56 28 60 30 80 23 61 34 48 41 17 76 29 61 56 41 71 23 53 42 49 38 29 50 40 30 62 67 55 66 37 42 61 72 89 22 34 64 18 69 32 56 30 94 44 48 73 19 55 45 34 68 67 52 68 41 58 64 43 22 30 73 67 72 56 33 51 30 61 20 55 55 53 48 76 
32 70 70 71 63 29 58 9 74 73 36 10 105 97 73 52 17 46 29 18 49 31 39 23 38 105 83 48 34 82 36 95 81 24 61 70 69 31 93 53 90 37 39 54 87 99 78 42 58 83 58 11 40 47 68 39 21 90 81 84 52 63 13 40 25 27 105 78 88 75 25 15 51 54 84 63 74 115 62 20 98 4 76 98 50 29 62 58 45 48 58 13 49 85 70 66 34 68 40 72 
54 50 78 44 69 76 72 81 81 69 67 91 37 32 17 88 77 42 82 91 77 69 70 70 51 38 46 48 78 36 70 12 30 63 25 46 43 72 8 39 33 69 54 36 26 37 21 82 30 24 88 82 62 45 32 47 65 4 25 47 79 92 82 63 78 64 38 84 51 14 61 95 44 37 17 92 27 41 27 81 55 83 19 48 79 72 48 44 63 45 30 88 39 6 40 24 57 20 48 41 
47 25 54 19 46 75 49 70 57 44 49 84 29 21 11 66 64 41 65 77 56 69 51 56 50 29 22 52 60 56 52 25 7 57 23 21 58 55 27 44 15 71 39 40 10 24 4 62 35 6 66 76 65 48 46 39 56 27 46 66 57 69 77 45 76 51 29 60 71 13 56 88 27 42 10 69 45 38 34 77 34 74 38 29 57 56 59 54 68 48 21 75 28 30 16 34 56 30 47 57 
55 8 30 10 25 86 30 69 32 19 43 87 39 33 37 48 61 57 57 71 40 81 42 54 63 38 9 70 50 81 44 50 22 64 44 9 81 49 52 64 25 84 40 60 29 31 30 49 56 29 46 80 80 64 69 49 60 54 72 91 40 48 82 38 85 51 38 34 96 40 64 92 30 62 36 48 69 49 56 85 21 76 63 23 41 50 80 74 84 66 37 71 39 57 14 58 68 54 60 80 
16 54 71 50 61 32 60 42 76 67 42 48 72 64 36 68 41 3 52 55 59 26 47 37 7 73 61 10 51 39 45 55 51 21 22 51 29 44 52 9 59 26 30 9 54 68 44 59 14 50 71 39 21 5 24 14 26 49 37 44 62 76 38 41 34 32 73 80 48 37 19 51 31 10 48 76 30 80 18 37 76 41 32 73 60 43 24 18 24 6 25 50 21 42 47 22 13 25 5 31 
35 16 26 19 16 65 17 45 31 23 19 64 58 50 38 32 37 43 34 48 22 61 19 31 46 57 30 55 28 76 21 59 34 43 37 18 71 25 60 51 42 65 18 48 42 50 37 29 46 39 33 58 62 50 62 32 38 59 68 84 23 37 59 14 64 28 57 35 89 41 43 69 15 50 44 37 64 68 48 63 44 53 60 45 23 27 68 62 67 51 29 48 25 59 20 51 50 49 43 72 
30 77 89 75 80 8 77 39 94 88 54 33 100 92 63 79 43 30 57 52 72 5 59 43 22 100 87 23 59 53 56 82 78 23 49 76 39 53 78 31 87 2 47 34 81 95 71 68 40 77 84 25 8 26 43 35 31 74 56 52 75 89 23 56 12 42 100 98 55 64 23 33 54 33 75 89 49 107 43 17 101 31 54 99 73 51 31 30 11 25 51 47 46 67 72 46 16 50 25 42 
7 46 91 75 7 73 74 11 8 50 98 32 46 95 83 41 56 14 22 87 45 37 85 34 54 9 73 38 35 55 89 96 93 23 93 70 47 46 88 79 51 94 5 10 84 23 96 75 2 33 28 11 58 56 28 24 64 51 55 8 89 72 23 37 60 67 21 17 99 25 74 99 70 64 72 63 73 84 21 81 10 16 59 88 12 93 96 33 77 14 5 17 50 54 19 19 22 10 46 85 