100 100 5
70 99 97 16 86 84 70 21 89 75 38 91 81 111 81 82 57 15 59 27 74 97 23 51 50 28 61 17 66 75 93 95 13 32 34 94 61 76 25 31 39 5 25 69 50 94 60 76 15 86 78 74 45 91 96 34 96 33 8 22 82 61 28 75 89 93 73 9 102 61 90 57 91 60 49 11 96 71 105 54 76 79 81 73 92 104 84 30 70 77 75 70 37 16 70 103 56 59 52 54 
101 27 19 64 13 10 11 60 24 66 46 36 28 64 9 61 23 66 25 80 105 74 59 84 29 66 62 81 94 27 73 46 75 77 45 35 20 91 71 59 41 76 68 31 35 27 48 33 64 29 27 44 36 19 50 77 27 61 76 73 3 52 63 21 25 69 13 76 52 59 76 83 49 76 34 73 21 22 60 62 9 61 7 92 25 54 84 49 11 85 79 82 42 73 97 69 64 26 33 27 
82 48 40 42 34 31 17 37 40 54 22 42 31 68 25 53 9 43 17 57 86 68 35 64 6 48 46 58 75 34 66 49 51 54 23 43 13 75 48 41 18 54 45 23 14 45 33 30 42 35 28 36 18 39 52 54 41 44 53 54 26 37 40 23 35 63 22 54 56 43 67 64 49 59 11 50 40 27 63 44 23 52 24 75 43 59 71 28 17 70 65 66 21 52 79 68 47 9 21 5 
39 95 73 69 82 79 70 57 92 4 47 47 45 48 62 15 65 60 73 51 41 25 54 34 56 86 13 61 33 89 21 42 61 45 63 51 69 24 49 81 52 75 48 38 43 96 23 38 68 48 45 26 68 88 40 43 60 85 66 87 70 19 46 48 55 22 75 78 46 14 17 27 34 19 48 62 67 83 43 19 74 12 64 26 94 46 16 64 70 17 11 16 64 81 34 35 17 47 74 51 
103 25 20 64 11 9 10 61 22 68 46 38 30 66 11 63 22 66 24 81 106 76 59 85 29 66 63 82 96 25 75 48 75 77 45 37 19 93 71 58 42 76 68 32 36 25 50 34 64 31 29 46 36 18 52 77 29 61 76 73 4 53 63 23 27 71 11 75 54 60 77 84 51 78 34 74 23 21 62 63 7 63 9 94 24 56 85 49 10 87 81 83 42 72 98 71 66 27 32 28 
50 98 89 25 84 82 67 17 89 55 29 78 69 94 74 63 55 13 60 8 54 78 17 30 46 43 42 9 45 78 74 80 8 11 35 82 60 55 4 43 33 24 7 57 40 94 44 63 23 74 66 58 46 90 81 13 85 46 14 40 77 43 12 65 78 74 71 28 87 42 70 36 75 39 41 11 87 73 89 35 74 60 74 52 93 88 63 33 67 56 54 49 38 34 49 85 36 50 55 47 
50 79 60 55 65 63 52 43 75 17 30 38 32 51 47 21 47 47 55 45 53 37 40 36 37 70 9 52 43 71 33 37 50 39 45 42 51 39 39 65 35 62 37 23 25 79 4 26 53 37 31 16 50 72 37 37 50 69 55 72 54 1 34 34 43 32 58 65 43 6 32 33 31 25 30 51 55 65 45 12 57 18 48 40 77 45 34 47 52 33 27 29 47 67 45 42 14 30 56 33 
92 63 68 23 53 51 38 29 52 77 31 74 62 99 54 79 27 33 25 54 96 96 30 71 27 18 65 49 86 38 92 81 41 55 15 75 29 91 45 10 25 34 43 54 36 57 57 61 24 66 60 65 13 56 83 56 72 13 39 25 52 59 40 54 67 90 39 31 88 63 92 74 79 73 32 38 69 35 94 60 43 78 53 89 56 90 92 15 38 88 84 82 13 26 90 97 63 39 16 33 
81 84 86 7 73 71 57 20 74 77 33 85 74 108 71 83 45 19 45 39 86 99 22 61 40 12 64 31 76 59 95 91 24 42 23 88 48 84 33 14 31 12 32 63 44 79 60 71 9 79 72 72 31 77 93 44 87 16 21 10 70 61 32 68 81 94 59 9 98 63 93 66 88 67 41 21 86 56 103 58 63 80 70 82 78 100 90 19 57 84 81 77 25 6 80 103 60 51 37 45 
77 51 39 46 37 34 22 38 45 46 22 35 24 61 23 45 17 44 25 56 81 60 36 59 11 54 39 58 70 40 58 42 52 52 28 37 20 69 47 47 20 57 44 15 10 50 26 22 45 29 21 28 26 43 45 52 37 50 54 59 27 30 38 17 30 55 27 57 49 36 59 59 41 53 10 51 37 34 56 38 28 44 24 69 48 51 64 32 22 64 58 59 27 56 73 60 41 1 29 6 
100 38 10 78 28 27 30 72 40 59 55 20 19 46 13 52 40 78 44 87 103 61 70 86 42 84 60 91 93 47 61 30 85 83 60 17 38 87 79 76 53 90 76 28 43 41 47 25 78 16 19 37 53 33 34 82 7 79 88 90 18 50 71 18 9 57 33 90 34 57 65 83 35 75 44 85 4 43 43 62 29 53 14 89 40 36 76 64 30 80 74 78 58 88 95 54 64 33 52 38 
83 47 26 63 34 31 26 55 45 45 38 19 9 47 14 40 29 61 36 69 86 53 52 68 28 70 43 73 76 46 52 28 68 65 45 21 30 71 61 63 37 74 58 11 25 48 30 11 62 12 6 23 41 40 31 64 20 67 71 76 21 33 53 0 14 48 31 74 34 40 54 66 29 58 27 67 23 40 42 44 28 40 15 73 47 37 63 49 26 65 59 62 44 73 79 49 47 17 42 22 
12 118 101 63 104 101 88 51 112 39 52 79 74 83 87 50 79 50 86 31 16 58 50 9 68 81 33 42 7 104 54 76 46 27 66 83 84 21 36 79 59 62 38 64 57 116 45 67 61 78 72 56 76 110 74 25 91 83 51 78 93 42 40 74 84 56 93 66 80 35 48 9 68 17 61 49 96 98 78 30 94 47 88 17 115 81 35 65 88 26 28 21 69 72 11 69 28 66 84 66 
70 58 44 45 44 41 29 36 53 40 19 35 24 58 28 39 23 42 31 50 74 55 34 52 15 55 32 54 63 48 52 40 49 46 29 38 27 61 42 49 19 55 39 13 7 57 19 21 44 29 22 23 29 50 43 46 39 52 52 59 34 22 34 19 33 50 35 56 47 29 53 52 38 45 10 48 41 41 53 30 35 38 29 62 55 49 57 33 29 56 51 52 29 56 66 56 33 6 34 10 
46 84 64 57 70 67 57 45 80 13 33 41 36 51 51 19 51 48 59 44 49 34 42 33 42 73 5 53 39 75 31 39 51 38 49 45 55 34 40 68 38 64 38 27 29 83 9 29 56 40 35 18 54 76 38 36 53 72 56 74 58 5 35 38 47 30 62 67 45 3 29 29 32 21 34 52 59 69 45 10 62 16 52 35 82 46 29 51 57 29 23 25 50 69 41 41 11 34 60 37 
87 44 40 42 31 28 14 39 36 59 26 45 34 72 25 58 4 45 12 60 91 73 37 68 8 46 51 60 80 29 71 53 53 57 23 46 8 80 51 39 20 54 47 28 19 41 38 34 42 38 31 41 16 36 56 58 43 42 54 52 25 42 42 26 38 68 18 54 60 48 72 68 53 63 15 52 40 22 67 48 20 57 24 80 40 62 76 27 14 75 70 71 21 51 83 72 51 14 17 10 
85 70 41 91 60 58 58 80 72 42 64 14 24 14 41 31 62 86 68 87 87 33 78 77 59 101 49 94 79 77 35 6 91 81 75 15 63 69 81 94 65 100 79 33 52 73 42 25 89 21 27 28 73 65 6 80 25 98 95 105 48 43 75 33 25 31 62 102 2 47 40 72 12 63 56 91 35 71 11 55 58 34 43 72 72 4 55 79 58 61 55 62 74 102 80 23 55 47 75 53 
12 120 103 63 106 103 91 52 114 42 54 81 76 86 89 53 81 51 88 31 16 61 51 10 70 81 35 41 9 106 57 79 46 27 67 86 86 23 37 80 60 62 38 66 59 118 47 70 61 81 75 59 77 112 77 25 94 83 51 78 95 44 41 77 87 59 95 66 83 38 51 11 71 20 63 49 99 100 81 33 96 50 90 19 117 84 38 66 91 28 31 24 70 72 12 72 30 68 85 69 
49 81 67 37 67 64 51 24 74 34 16 53 44 69 52 40 41 28 48 28 53 55 21 30 31 53 20 34 42 66 51 54 31 23 31 56 46 45 21 49 22 43 19 32 20 79 18 38 35 49 42 33 39 73 55 22 61 53 36 54 57 18 15 42 54 51 56 46 61 19 49 31 49 27 23 32 64 60 63 14 57 37 53 44 77 63 47 32 51 42 38 36 34 49 46 61 17 30 47 29 
92 55 26 84 45 43 44 75 57 49 58 6 15 29 27 39 50 81 56 86 94 46 73 80 50 92 52 92 85 63 47 14 87 81 67 2 50 77 79 85 58 95 76 27 46 58 42 20 83 10 18 29 63 50 18 80 10 89 91 98 34 44 72 22 11 43 48 96 17 50 52 76 21 68 48 87 20 58 26 56 44 41 28 79 57 19 64 71 44 69 63 68 66 95 87 38 58 38 63 44 
71 61 39 63 48 45 38 53 59 31 36 18 11 40 27 26 38 58 46 62 74 40 50 57 33 74 30 68 64 58 38 22 64 57 48 22 40 58 55 67 37 73 53 6 25 62 18 4 62 15 10 9 47 54 24 56 28 71 68 78 35 21 48 14 22 35 44 74 29 28 41 54 20 46 28 64 34 52 34 33 41 26 29 60 60 31 49 51 38 52 45 49 47 75 66 38 35 21 50 27 
24 105 88 55 91 88 76 43 99 29 41 66 61 73 74 40 67 43 74 28 27 51 41 8 56 73 20 39 17 92 46 64 41 22 55 71 71 22 30 70 47 57 30 51 45 103 32 54 53 65 60 44 64 97 63 20 78 74 46 72 80 29 31 61 72 48 81 61 69 23 41 5 57 7 49 44 83 86 68 17 81 37 75 20 102 70 31 55 76 23 23 17 58 66 20 60 15 53 72 54 
83 48 27 63 35 32 27 55 46 44 38 19 8 46 14 39 30 61 37 69 86 52 53 68 28 71 42 73 76 47 51 27 68 64 45 20 31 71 61 64 37 74 58 10 26 49 29 10 62 11 5 22 42 41 30 64 20 67 71 76 22 32 53 1 13 47 32 75 34 39 53 65 28 58 27 67 23 41 41 44 29 39 16 72 48 36 62 49 27 64 58 62 44 74 78 48 46 17 43 23 
100 60 69 30 51 50 39 37 49 83 38 77 66 104 55 85 29 40 25 61 104 101 38 79 32 20 72 56 93 34 98 85 48 62 22 78 30 98 53 14 32 39 51 58 42 54 63 65 31 70 63 70 17 54 88 64 74 14 46 28 52 65 48 58 69 96 38 37 92 70 98 82 84 80 37 45 70 33 98 67 43 84 54 97 53 94 99 22 39 95 91 90 20 31 97 102 70 44 16 38 
99 49 57 36 39 38 27 40 38 78 35 67 56 94 44 79 18 44 13 64 103 94 40 79 24 31 68 61 93 24 92 75 53 64 22 67 18 96 55 24 29 47 52 49 36 43 57 56 37 59 53 62 12 42 78 65 63 25 52 39 40 60 49 48 58 89 26 45 82 65 92 81 75 78 31 50 58 21 89 64 31 77 43 95 42 84 95 24 27 92 87 87 19 40 96 94 67 35 5 29 
76 59 54 28 46 43 29 23 51 55 12 53 42 78 39 57 17 29 22 45 80 73 22 56 8 36 44 45 69 40 70 59 38 43 10 55 21 72 36 29 6 40 33 32 14 55 34 40 28 47 39 42 12 51 62 44 55 33 39 41 40 37 28 35 48 68 33 40 67 42 70 58 57 54 9 36 54 35 72 40 35 55 38 71 54 69 71 14 29 68 64 63 9 38 73 75 43 19 20 13 
103 32 39 51 21 20 10 51 22 74 40 54 44 82 28 72 13 56 7 74 107 87 50 84 23 49 67 72 96 13 85 63 65 72 33 54 8 96 64 41 34 63 61 41 35 28 54 46 51 46 42 55 22 25 67 72 47 43 65 56 23 58 57 36 44 82 8 61 70 64 87 84 65 79 31 63 42 6 78 64 13 72 27 96 26 72 92 36 10 91 86 87 29 57 99 85 68 29 15 26 
64 77 51 75 65 62 56 64 76 20 48 23 24 28 44 11 56 68 63 67 66 22 61 55 49 88 27 75 57 76 21 17 72 61 62 27 58 48 62 82 52 84 60 24 39 78 23 19 74 26 25 11 64 71 16 59 37 86 77 91 52 23 56 31 33 17 61 86 22 26 24 50 10 41 44 73 45 70 22 33 59 13 46 51 77 23 35 65 56 41 34 40 63 87 59 21 34 38 68 44 
23 105 88 57 91 88 76 45 100 28 42 66 61 72 74 38 68 45 75 31 26 49 43 9 57 75 20 41 16 93 44 63 43 25 57 70 72 20 32 72 49 59 32 51 46 104 32 54 55 65 60 43 66 98 62 22 78 76 49 74 80 29 33 61 71 46 82 63 68 22 39 4 56 5 50 46 83 87 67 17 82 35 75 18 103 69 29 57 76 21 21 14 60 68 19 59 15 54 74 55 
92 62 33 91 53 52 53 81 65 48 64 11 22 21 35 38 59 87 65 91 94 42 79 82 57 100 54 97 86 71 43 11 93 85 74 9 59 76 84 93 65 101 81 33 52 66 45 25 90 18 25 31 71 58 14 84 18 96 96 105 42 47 77 30 19 39 57 102 10 52 49 78 18 69 55 93 27 66 19 59 52 40 37 79 65 12 62 78 53 69 62 68 73 102 87 32 60 45 72 52 
124 4 27 80 11 13 27 79 9 89 66 55 50 81 30 84 39 84 36 101 128 95 77 107 49 77 85 101 117 24 95 65 93 98 62 52 34 114 91 70 61 92 88 54 57 7 72 55 80 49 49 67 51 4 69 98 42 71 94 85 22 75 83 44 43 91 23 90 69 82 98 106 70 100 55 91 33 25 79 85 21 84 29 116 6 71 107 65 27 109 102 105 58 86 120 89 88 48 44 49 
100 33 37 50 21 19 7 49 24 71 38 50 40 78 25 68 10 55 7 72 104 83 48 81 21 50 63 71 93 16 81 59 64 70 32 50 5 93 62 42 32 62 59 37 32 29 50 42 50 43 38 51 21 25 63 70 44 44 64 57 21 54 54 32 40 78 7 61 66 60 83 81 61 76 28 62 39 10 74 61 11 68 23 93 28 68 88 36 7 88 82 83 28 57 96 81 64 25 16 22 
72 57 45 41 42 40 27 33 50 44 16 39 28 63 29 44 19 39 27 49 76 60 30 54 10 50 35 52 65 44 58 45 46 46 24 42 23 65 41 43 15 52 37 18 4 54 23 25 40 33 26 29 24 49 48 46 42 47 49 55 33 27 32 22 36 55 32 52 52 33 58 54 43 48 5 45 43 38 58 33 33 43 30 65 53 54 61 28 27 60 55 55 24 52 68 61 36 6 29 5 
56 73 54 52 59 56 46 40 69 23 26 35 28 51 41 25 40 45 48 46 59 41 37 40 31 66 16 53 49 64 38 36 49 40 40 39 44 45 40 60 30 60 37 17 19 72 2 21 50 32 26 14 44 65 37 39 45 64 54 68 47 6 33 28 38 36 51 62 43 13 37 38 31 31 24 50 50 58 45 17 50 23 42 46 71 44 40 43 46 40 34 36 41 64 51 44 19 23 50 26 
46 95 70 76 81 79 71 64 92 6 52 42 42 40 61 9 67 67 75 60 48 16 61 42 59 92 20 69 41 90 12 36 69 53 68 46 71 29 57 87 57 83 56 38 47 95 26 36 75 45 43 25 72 88 33 51 57 91 74 93 69 24 54 47 52 13 76 85 39 21 9 36 28 28 52 70 64 84 35 27 75 7 63 33 94 39 16 70 71 22 16 23 69 89 41 26 25 49 78 54 
84 91 93 13 80 78 65 26 80 83 40 93 82 115 78 89 52 23 52 41 88 105 28 64 48 14 70 32 79 66 101 98 26 45 30 95 56 88 36 19 39 10 36 71 51 85 66 79 15 87 79 78 38 84 100 47 95 19 21 7 78 67 36 75 89 100 66 6 105 69 99 70 95 71 49 23 93 63 110 63 70 87 77 86 84 107 95 26 65 88 86 82 33 2 83 109 65 59 44 53 
16 113 94 67 99 96 85 55 108 28 52 70 66 72 81 39 77 55 84 39 19 46 53 15 66 85 25 50 9 102 42 66 53 34 67 74 81 11 42 82 59 69 42 57 54 112 38 59 65 70 65 48 76 105 64 31 83 86 58 83 88 35 43 68 77 44 90 72 70 28 36 9 58 10 59 55 89 96 67 25 90 36 82 8 111 70 23 67 85 14 16 9 70 78 11 58 22 62 83 64 
61 68 55 37 54 51 38 27 62 37 11 44 34 64 40 40 29 32 37 39 65 56 24 43 19 51 26 43 54 54 53 48 38 35 25 47 34 55 31 45 15 47 28 22 7 66 17 29 36 39 32 28 30 60 49 35 50 49 42 53 44 19 23 30 43 51 43 48 55 24 52 43 44 38 11 38 52 48 59 23 44 38 40 55 64 57 53 28 38 51 46 46 26 50 57 59 26 17 37 16 
53 79 57 63 66 63 54 51 76 13 37 32 29 42 46 13 50 55 58 53 56 29 48 42 42 77 14 61 47 73 26 30 59 47 52 37 54 40 48 72 41 71 46 22 30 79 10 22 61 32 28 10 56 72 29 45 45 76 63 80 53 9 43 32 39 24 59 73 36 12 26 38 23 29 35 60 52 67 36 19 58 11 47 42 78 37 31 55 54 33 27 31 53 75 48 33 20 32 61 37 
111 27 2 83 21 21 30 78 32 71 62 32 30 56 17 64 42 84 44 96 114 73 76 96 47 86 71 98 104 42 74 42 92 92 64 29 39 99 87 78 59 95 84 39 51 32 58 37 83 28 31 49 56 24 46 91 18 81 94 93 16 61 79 28 21 69 31 95 45 68 78 94 47 86 50 91 9 39 54 72 26 65 17 100 31 47 89 68 30 92 86 90 61 92 107 66 75 40 52 44 
61 81 55 76 68 65 59 64 79 17 50 26 28 29 47 7 58 69 66 66 63 19 62 53 52 90 26 74 55 79 17 20 72 60 64 31 61 45 62 84 53 84 60 27 41 82 23 23 75 29 29 13 66 74 18 58 41 88 77 92 55 23 56 34 36 14 65 86 24 25 21 48 13 39 46 73 49 73 23 32 62 9 49 48 81 25 32 67 59 38 31 37 64 88 56 20 32 40 70 46 
102 43 14 86 35 34 39 79 47 60 62 18 22 40 21 52 48 85 52 93 105 59 76 90 50 92 62 97 96 55 60 27 92 88 68 14 47 88 85 84 60 97 82 33 50 47 51 28 85 17 23 39 62 39 31 87 4 87 95 98 26 53 77 24 11 56 42 98 29 60 64 86 33 78 51 91 8 51 39 66 37 53 23 91 46 31 77 72 39 81 75 80 66 96 97 51 67 40 60 46 
72 73 46 80 61 59 55 69 73 28 53 16 21 22 41 18 56 74 64 74 74 25 66 63 51 92 35 81 66 75 25 9 78 68 66 21 58 56 68 85 55 89 66 25 43 75 29 18 79 21 23 15 66 67 8 66 31 89 83 96 49 30 62 29 28 21 60 91 14 33 30 58 2 49 47 79 40 69 16 41 57 20 43 59 74 16 42 69 55 48 42 48 66 92 66 20 41 39 69 46 
24 107 91 52 93 90 77 40 100 35 40 71 65 79 77 45 67 40 74 23 28 56 39 4 57 70 25 34 17 92 52 69 37 18 54 75 72 27 26 68 47 53 27 54 46 105 35 58 50 69 63 48 64 99 68 16 82 72 42 68 82 33 29 64 75 53 82 57 74 27 47 7 62 13 50 40 87 87 73 21 83 42 78 24 103 75 37 54 77 28 28 22 57 62 21 66 19 55 72 55 
110 21 11 75 12 11 21 71 23 72 56 37 32 63 13 66 33 77 35 91 113 77 69 93 40 77 69 92 103 32 77 47 86 87 56 34 30 98 81 69 52 87 78 37 46 24 56 37 75 31 31 49 47 16 51 87 24 72 87 84 8 60 73 27 25 73 21 87 51 67 80 92 51 85 44 84 16 29 60 70 16 67 12 100 23 53 90 60 21 92 86 89 53 84 105 71 73 35 43 38 
55 75 62 36 60 58 45 24 68 35 11 49 39 67 46 40 35 29 42 33 59 56 21 36 24 51 23 38 48 60 52 51 34 29 27 52 40 50 25 46 17 44 22 27 14 72 17 34 34 44 37 30 34 67 52 28 56 50 38 52 51 18 18 36 49 51 50 46 58 21 51 37 47 32 17 34 59 54 61 18 51 38 47 49 71 60 50 29 45 47 42 41 29 48 52 60 21 23 41 23 
67 73 67 18 59 57 43 10 64 54 8 62 51 83 51 58 30 16 35 32 71 74 8 46 21 32 41 31 60 53 71 66 24 31 11 64 35 65 23 27 9 29 20 39 20 69 35 47 17 56 48 47 22 65 68 32 66 32 26 34 53 37 16 45 59 69 46 30 73 40 69 49 63 47 18 23 66 48 78 35 49 56 51 64 68 75 68 11 43 63 59 57 14 30 64 78 38 29 30 24 
4 128 108 77 114 111 99 66 123 41 65 84 80 83 96 52 91 65 98 46 4 56 65 23 80 96 40 57 8 116 52 79 61 42 80 88 96 15 51 94 72 77 52 72 69 127 53 74 75 84 80 62 89 120 77 40 97 97 66 93 103 50 54 83 91 55 105 81 82 43 46 20 71 25 73 64 103 110 79 40 105 49 97 11 125 83 31 79 99 22 28 22 83 87 4 68 37 77 97 78 
102 35 7 79 25 24 29 72 37 62 56 23 21 49 12 55 39 78 43 89 105 64 70 88 42 83 62 92 96 45 64 33 86 84 60 20 37 89 80 76 54 90 77 30 44 38 49 28 78 19 22 40 53 30 37 84 10 78 88 90 16 52 72 20 12 60 31 90 37 59 69 85 38 78 44 85 3 40 46 64 27 56 13 91 37 39 79 64 29 83 76 81 58 88 98 57 66 34 51 38 
81 88 59 101 78 76 75 90 90 40 74 31 40 6 58 30 77 94 84 92 82 23 87 77 73 114 51 100 76 94 26 21 98 86 87 33 79 63 88 107 77 110 86 47 64 91 49 39 100 38 43 36 87 83 17 84 44 111 103 117 66 49 82 49 43 23 79 112 16 51 32 71 21 63 69 99 53 88 7 58 76 33 60 67 90 14 47 91 75 56 51 58 87 113 76 10 58 61 90 67 
64 94 66 92 82 80 75 80 94 25 66 36 42 23 61 16 75 84 83 78 65 6 77 62 68 106 38 88 59 95 9 27 86 72 81 40 77 46 75 100 70 99 74 43 58 96 39 38 90 42 43 30 83 88 23 70 51 104 91 108 69 38 71 49 48 6 80 102 26 38 15 55 21 47 63 88 60 89 19 45 77 19 63 50 95 26 30 83 75 39 34 41 81 104 59 7 44 57 87 63 
65 78 52 78 66 63 58 66 77 22 51 23 25 25 45 11 58 71 66 69 67 20 64 57 52 91 30 77 59 78 20 16 75 63 65 27 60 49 64 85 54 86 62 26 42 80 26 21 76 26 27 13 66 72 14 62 38 89 79 94 53 26 59 32 33 16 63 88 20 28 24 52 9 43 47 76 46 72 20 36 61 14 47 52 78 21 36 68 58 42 35 41 65 90 60 19 36 40 70 46 
35 95 80 43 81 78 65 31 88 32 29 62 55 74 65 41 55 32 62 22 39 55 29 16 45 61 19 31 29 80 50 62 31 15 43 66 60 34 20 58 35 47 19 43 34 93 26 48 41 60 53 40 52 87 61 13 72 62 37 60 71 24 19 54 65 51 70 50 67 20 47 17 55 16 37 34 76 75 68 13 71 38 66 32 91 69 40 43 65 33 31 27 46 55 32 63 13 43 60 43 
81 77 78 8 65 63 49 17 66 72 27 78 67 101 62 77 36 19 37 40 85 93 19 60 32 14 59 34 75 52 89 83 26 42 15 80 40 82 33 10 24 19 31 56 37 71 54 64 9 71 64 65 23 69 86 44 79 14 24 16 62 55 29 60 73 88 51 17 91 58 88 64 81 64 33 23 77 49 96 53 55 75 62 80 70 93 86 11 49 80 77 74 17 14 79 97 56 43 29 37 
69 94 66 96 83 81 77 85 95 30 70 36 43 19 62 21 78 88 85 84 70 10 82 67 72 110 43 93 64 97 14 27 91 77 85 40 80 51 80 104 74 104 79 46 62 97 44 40 95 43 45 33 86 89 22 75 51 108 96 113 71 43 76 51 49 12 82 106 24 43 20 61 22 52 66 93 60 91 16 50 79 24 64 55 96 23 35 87 77 44 39 47 85 109 64 3 49 60 90 66 
64 66 54 35 52 49 36 25 59 41 8 46 35 67 39 44 26 31 33 40 68 60 22 45 15 47 30 43 57 51 57 50 37 36 22 48 31 59 31 41 11 45 28 23 5 63 21 31 34 40 33 31 26 58 52 36 51 45 41 50 43 23 23 30 44 55 40 46 57 28 56 46 47 41 8 37 52 45 62 27 42 42 39 58 62 59 57 24 36 55 50 49 23 47 61 62 30 15 33 14 
103 47 18 89 40 39 43 82 51 60 65 17 23 37 25 51 52 88 57 95 105 57 79 90 54 96 63 100 96 59 58 25 95 90 71 13 51 88 87 88 64 101 84 35 52 51 52 29 89 18 25 39 65 44 29 89 7 91 98 102 31 54 80 27 13 54 46 101 26 60 63 87 32 78 54 94 13 55 35 66 41 53 27 90 51 28 76 75 43 81 74 80 69 100 98 48 68 43 64 49 
94 38 37 47 25 22 8 45 29 65 32 47 36 74 23 63 5 50 8 67 98 78 43 75 15 48 57 66 87 22 76 56 59 64 28 47 2 87 57 41 27 59 54 32 26 34 45 38 47 39 34 46 18 30 59 65 42 43 60 55 21 48 49 28 38 73 11 58 62 55 78 75 57 70 22 57 38 16 70 55 14 63 22 87 33 64 83 32 8 82 76 77 25 55 90 76 58 20 16 17 
71 61 53 32 47 45 31 24 54 48 9 48 37 72 37 50 20 30 27 43 75 66 22 51 9 42 37 44 64 45 63 54 38 40 16 51 25 65 34 36 6 43 31 26 7 58 27 34 31 42 34 36 19 53 56 40 51 39 40 46 40 30 26 31 45 61 35 43 61 35 63 52 51 48 4 37 51 39 66 34 37 48 37 65 57 63 64 19 31 62 57 56 16 43 67 68 37 15 26 10 
45 85 64 60 72 69 59 48 82 10 36 41 36 49 52 16 54 51 62 47 48 31 45 34 44 76 6 55 38 78 27 38 54 40 52 45 58 33 43 71 41 67 41 28 32 85 11 30 59 40 36 18 57 78 37 38 53 75 59 77 60 8 38 39 47 27 64 70 43 5 26 30 31 21 37 55 59 72 43 13 64 13 54 34 84 44 27 54 59 27 21 23 53 73 40 38 12 36 63 40 
66 77 72 14 64 62 47 5 68 56 13 67 56 88 56 62 34 11 38 29 70 78 4 45 26 30 43 27 60 56 74 71 20 29 13 69 39 66 20 26 14 24 17 44 25 73 39 52 13 61 53 51 25 69 73 30 71 30 21 31 58 40 14 50 64 73 51 25 78 42 72 49 67 48 24 18 71 51 82 37 54 59 56 64 72 80 69 12 47 64 61 58 17 26 64 82 40 34 33 29 
80 74 46 90 64 62 60 79 76 37 63 17 26 12 44 26 64 84 71 85 82 28 77 73 60 101 46 92 75 80 29 7 89 79 75 19 65 64 79 95 65 99 77 34 52 77 40 26 89 24 29 26 74 69 4 77 30 98 93 105 52 40 73 35 29 25 65 101 4 44 35 68 9 59 56 90 40 74 7 51 61 29 46 67 76 5 49 79 60 56 50 57 75 102 75 18 52 48 76 54 
32 106 93 43 92 89 76 32 99 44 37 76 68 87 78 54 65 31 71 12 36 67 31 12 54 61 33 22 27 89 62 76 26 7 48 80 70 38 16 59 43 42 18 57 45 103 40 62 41 73 67 54 59 98 75 5 86 63 31 58 83 38 22 67 79 63 80 46 81 34 58 19 69 24 48 29 89 84 82 26 82 51 79 35 102 83 48 47 76 40 40 34 52 52 31 76 26 55 67 54 
83 53 28 71 41 39 36 62 53 42 45 9 2 36 20 34 39 68 46 74 86 45 60 70 37 80 43 79 76 55 45 18 74 69 54 11 40 69 67 73 45 82 64 14 33 55 31 8 70 3 5 19 51 47 21 68 16 76 78 85 28 34 59 10 9 41 40 83 24 40 48 66 20 58 36 74 22 50 32 46 37 35 22 71 54 26 59 58 36 62 56 60 53 82 78 40 47 26 52 32 
79 50 40 43 36 33 20 37 43 50 21 39 28 65 24 49 13 43 21 56 83 64 35 61 8 50 42 57 72 37 62 46 51 52 25 40 17 72 47 43 18 55 43 19 11 47 29 26 43 32 25 32 22 42 49 52 39 47 53 56 27 33 38 20 33 59 25 55 53 39 63 61 45 55 9 50 39 31 60 40 26 48 24 72 46 55 67 29 20 67 61 62 24 54 75 64 43 5 25 3 
76 58 34 66 45 42 37 57 56 35 40 14 6 38 24 29 38 62 46 67 79 42 54 62 34 76 35 73 69 57 41 19 68 62 50 17 40 62 60 69 41 77 57 9 28 59 24 1 65 10 6 13 49 51 22 61 23 73 72 81 32 26 53 11 17 37 42 78 26 33 43 59 19 51 31 68 29 51 33 38 39 30 26 64 58 28 53 54 37 56 50 54 50 78 71 38 40 22 51 29 
120 12 17 82 11 13 27 79 19 83 65 46 42 71 24 76 40 85 39 100 123 87 78 103 48 82 80 101 113 32 87 56 94 96 63 43 36 109 90 74 61 94 87 48 55 17 67 48 82 41 42 60 53 11 60 96 32 76 95 89 17 70 82 38 34 83 25 93 60 77 90 102 61 95 53 92 23 30 69 81 21 77 23 110 17 62 100 67 27 103 96 100 60 89 116 80 83 45 48 47 
42 103 78 81 89 87 79 69 100 12 58 50 50 44 69 16 75 71 83 62 43 17 66 42 66 97 24 72 37 98 13 43 72 55 74 54 78 24 60 93 64 86 59 46 54 103 33 44 79 52 51 33 79 96 40 53 64 97 77 98 77 30 58 55 60 16 84 89 45 26 7 35 35 27 59 74 72 92 40 31 83 15 71 28 102 45 9 76 79 17 13 20 76 93 37 29 29 57 85 61 
24 115 100 52 100 98 84 42 107 46 46 81 75 90 85 57 74 40 80 19 28 67 41 9 63 70 36 29 20 98 63 80 34 16 58 86 79 34 26 69 52 50 28 64 54 112 46 68 50 79 73 59 68 107 79 15 92 72 39 66 91 43 31 74 85 64 89 54 85 38 58 16 73 24 56 37 96 93 85 31 90 53 86 30 111 86 46 56 84 37 38 31 61 60 24 77 30 63 77 62 
82 92 94 13 81 79 65 24 81 82 40 93 82 115 78 88 53 22 53 39 86 104 27 62 48 16 68 30 77 67 100 98 24 43 31 95 56 87 35 20 39 8 34 70 51 87 65 78 14 86 79 78 39 85 99 45 95 21 19 9 78 66 35 75 89 99 67 4 105 68 98 68 94 70 48 21 94 64 109 62 71 85 78 84 85 107 93 27 65 86 84 80 33 4 81 109 64 59 45 53 
77 51 40 44 37 34 22 37 45 47 21 37 25 62 24 46 16 43 24 55 81 61 35 59 10 52 39 57 70 40 59 44 51 51 27 39 20 69 46 45 19 56 43 17 10 49 27 24 44 30 23 29 24 43 46 51 38 49 53 57 28 30 38 18 32 56 27 56 51 37 60 59 42 53 9 50 38 34 57 38 28 45 24 69 48 53 65 31 22 64 58 60 25 55 73 61 41 2 28 4 
64 86 59 85 74 72 67 74 86 22 59 29 34 22 53 12 67 78 75 74 66 12 71 59 61 99 34 83 59 87 13 21 81 68 73 33 69 47 70 93 63 93 68 35 51 88 33 30 84 34 35 22 75 80 17 66 44 97 86 102 62 32 65 41 41 8 72 96 21 33 18 54 14 45 55 82 53 81 17 40 69 15 55 51 87 22 32 76 67 40 34 41 74 98 59 11 40 49 79 55 
67 83 56 85 72 69 65 74 84 24 59 26 31 20 51 13 65 78 73 75 68 15 71 61 59 98 35 84 61 85 16 18 81 69 73 30 68 49 71 92 62 93 69 34 50 86 33 28 84 32 33 21 74 78 14 67 41 96 86 101 59 32 65 39 38 11 70 95 19 34 21 55 11 46 54 82 50 79 15 41 67 16 53 53 84 19 35 75 65 42 36 43 73 97 62 11 41 48 78 54 
70 64 56 29 50 47 33 21 55 49 6 51 40 74 40 52 21 27 28 41 74 68 19 50 11 39 38 42 63 46 65 57 35 38 13 54 26 66 31 33 3 40 28 29 10 60 29 37 28 45 38 38 18 55 59 39 54 37 37 43 43 31 23 34 48 63 37 40 64 36 64 51 54 48 7 34 54 40 69 34 39 50 40 65 59 66 65 16 33 62 57 57 14 40 67 70 37 18 26 13 
111 24 36 59 15 15 13 60 14 81 49 56 47 84 29 78 21 65 16 83 115 92 59 92 32 56 74 81 104 7 90 66 74 81 42 55 16 103 73 49 43 71 70 46 43 19 61 50 60 49 45 60 30 17 69 81 47 50 74 64 22 64 65 39 45 87 8 70 71 71 92 92 68 87 39 72 40 4 80 72 11 77 27 104 17 74 98 45 13 98 93 94 38 65 107 88 75 36 23 34 
80 72 43 87 61 59 57 77 73 37 60 14 23 15 41 26 60 82 67 83 82 29 74 72 57 98 44 90 74 77 30 4 87 77 72 17 62 64 77 92 62 97 75 31 49 75 38 23 86 21 26 23 71 66 1 75 28 95 91 103 49 39 71 32 26 26 62 98 5 42 36 67 7 58 53 87 37 71 10 50 58 29 43 67 73 7 50 76 57 56 50 57 72 99 75 20 50 45 73 51 
63 90 63 88 78 76 71 76 90 22 62 33 38 23 57 13 71 80 79 75 64 8 73 59 64 102 35 84 58 91 9 24 83 69 76 37 73 45 72 96 66 96 70 39 54 92 35 34 86 38 39 26 78 84 21 67 48 100 88 105 66 34 67 45 45 5 76 98 24 34 15 53 18 45 59 84 57 85 19 42 74 16 59 49 91 24 30 79 71 38 33 40 77 100 58 9 41 53 83 59 
57 71 54 49 57 54 44 38 67 26 22 36 28 54 40 28 37 42 45 44 60 44 35 41 28 63 17 51 50 62 41 38 47 39 37 40 41 47 38 57 27 57 35 17 16 70 5 22 47 33 26 17 41 64 39 38 46 61 51 65 46 8 31 27 39 39 49 59 45 15 40 39 33 32 21 48 50 56 48 17 49 26 41 48 69 47 43 40 44 42 36 38 38 61 52 47 20 21 47 24 
72 63 38 68 50 47 42 58 61 31 42 14 10 34 29 24 43 64 50 67 75 36 56 60 38 79 33 73 66 62 35 16 69 61 53 18 45 59 60 73 43 78 58 12 30 64 22 5 67 13 11 9 52 56 18 60 26 76 73 83 37 24 53 16 20 32 47 80 23 30 38 57 14 48 34 69 33 56 29 36 45 25 31 61 63 25 48 57 42 52 45 50 53 80 68 34 38 26 55 32 
78 56 32 67 43 41 36 58 55 37 41 13 4 38 22 31 38 64 45 69 81 43 56 65 35 77 38 75 71 56 42 19 70 64 51 16 40 65 62 70 42 78 59 10 29 57 26 3 66 8 4 15 49 49 22 63 21 74 73 82 31 28 54 10 14 38 41 79 26 35 45 61 19 53 32 70 27 50 33 41 38 32 24 67 56 28 55 55 36 58 52 56 50 79 73 39 42 23 51 29 
107 32 42 52 23 22 15 53 21 79 44 59 49 87 33 77 17 58 10 77 111 92 52 87 27 48 71 75 100 8 90 68 67 75 35 58 13 101 67 41 37 64 64 46 39 26 59 51 52 51 47 60 23 25 72 76 52 42 67 56 27 62 60 41 48 87 11 62 74 69 92 88 70 84 35 65 45 4 82 69 16 77 31 101 25 77 97 38 15 96 90 91 31 57 103 90 72 34 16 30 
77 59 55 28 46 43 29 24 50 56 13 54 43 78 39 58 16 29 21 46 81 74 22 57 8 35 45 45 70 40 71 60 38 44 9 56 21 73 36 28 6 40 33 33 15 55 35 40 27 47 40 43 11 51 63 45 55 32 39 40 40 38 29 36 49 69 32 40 67 43 71 59 58 55 10 36 54 34 73 41 35 56 38 72 54 69 72 13 29 69 64 64 9 38 74 76 44 19 19 13 
64 65 51 40 51 48 35 30 59 37 14 40 30 62 36 39 27 36 35 43 67 55 28 46 17 53 27 47 57 52 52 44 42 39 27 43 32 56 35 47 16 50 32 18 5 63 16 25 39 35 28 25 30 57 46 39 46 51 46 56 41 19 27 26 39 50 40 52 51 25 51 45 41 40 10 42 48 46 56 25 41 37 36 56 62 53 54 30 35 52 47 47 28 52 60 57 28 13 36 14 
77 77 77 6 65 63 49 13 67 69 24 75 64 98 61 73 36 15 37 37 81 89 15 56 31 17 56 31 71 53 86 81 23 38 13 78 40 78 29 14 21 18 27 53 34 72 50 61 7 69 62 62 23 70 83 40 77 18 22 19 62 52 25 58 71 85 51 17 88 54 84 60 78 60 31 21 76 50 93 49 55 71 61 76 71 90 82 9 49 76 73 70 16 16 75 93 52 41 30 35 
77 69 67 15 56 54 40 16 59 64 18 67 56 91 52 68 27 20 29 40 82 84 16 57 22 23 52 37 71 46 80 73 29 40 4 69 31 76 31 17 14 27 29 45 26 64 44 53 15 60 53 55 15 61 75 42 68 21 29 27 52 46 25 49 62 79 42 26 80 50 79 60 70 58 23 27 67 42 85 46 46 66 51 75 63 82 78 0 40 74 70 68 7 25 75 87 49 32 23 26 
72 68 42 75 56 53 49 65 67 30 48 13 15 27 35 21 50 70 58 71 75 30 62 62 46 87 34 78 66 69 30 10 75 66 60 17 52 57 65 80 50 85 63 19 38 70 26 12 74 16 17 11 60 62 11 64 28 84 79 91 43 27 59 23 23 26 54 86 17 32 34 58 7 49 41 75 36 63 21 39 51 22 37 60 68 19 45 64 49 50 44 49 60 87 67 26 40 34 63 40 
72 73 46 80 61 59 55 69 73 28 53 16 21 22 41 18 56 74 64 74 74 25 66 63 51 92 35 81 66 75 25 9 78 68 66 21 58 56 68 85 55 89 66 25 43 75 29 18 79 21 23 15 66 67 8 66 31 89 83 96 49 30 62 29 28 21 60 91 14 33 30 58 2 49 47 79 40 69 16 41 57 20 43 59 74 16 42 69 55 48 42 48 66 92 66 20 41 39 69 46 
67 82 55 84 70 67 63 72 82 24 57 25 29 21 49 13 63 76 71 74 69 17 69 61 58 97 34 82 61 83 17 16 80 68 71 29 66 50 70 91 60 92 68 32 48 84 31 26 82 30 31 19 72 76 13 66 40 95 85 100 57 31 64 37 36 13 68 94 18 33 22 55 9 46 52 81 48 77 15 40 65 16 51 53 82 18 36 74 63 43 37 43 71 96 62 13 40 46 76 52 
80 61 59 23 49 46 32 21 52 62 16 60 49 85 44 64 19 27 22 45 84 80 21 59 14 29 50 43 73 40 77 67 36 45 4 62 23 77 36 22 10 35 33 39 21 57 41 47 23 53 46 50 8 53 69 45 61 26 36 34 44 44 29 42 55 75 35 35 74 48 76 61 65 59 17 34 59 35 79 45 38 62 43 76 55 76 77 8 32 74 69 68 2 32 77 82 48 25 17 19 
102 26 22 62 12 9 8 59 22 68 45 39 31 67 12 63 20 65 21 79 105 76 57 84 28 64 63 80 95 24 75 49 73 76 43 38 17 92 70 56 40 74 67 32 35 25 49 35 62 32 29 46 34 18 53 76 31 58 74 71 6 53 62 24 28 72 9 73 55 60 78 84 52 77 33 72 25 19 64 62 5 63 10 93 24 57 85 47 8 87 80 83 40 70 98 72 65 26 30 26 
57 71 53 48 57 54 43 37 66 27 22 36 28 54 39 29 36 42 44 44 61 45 34 41 27 62 18 50 50 61 42 38 47 39 36 40 40 48 37 56 26 57 35 16 15 70 6 22 47 33 26 17 40 63 39 38 45 60 51 64 45 9 30 27 38 40 48 59 45 16 41 39 34 33 20 47 49 55 48 18 48 27 40 49 68 47 44 39 43 43 37 39 37 60 53 48 21 20 46 23 
105 25 12 72 14 12 18 67 26 67 52 33 27 60 8 61 30 73 32 86 108 73 65 88 36 74 64 88 98 33 72 43 81 82 52 31 27 93 77 66 48 83 74 33 41 27 51 33 71 27 26 45 44 19 47 82 22 69 83 81 4 55 69 22 21 68 20 83 48 62 76 87 47 80 40 80 14 29 57 65 15 62 7 95 26 50 85 57 18 87 81 84 50 80 100 67 68 31 41 33 
29 103 89 46 89 86 73 35 96 37 36 70 63 80 74 47 63 34 70 18 34 59 33 9 52 64 26 29 23 88 55 69 31 12 49 74 68 32 20 62 42 47 21 52 42 101 34 57 44 68 62 48 59 95 69 10 81 66 36 62 79 32 23 62 74 56 78 51 75 27 51 13 63 17 45 34 85 82 75 20 79 44 75 29 99 76 41 48 73 33 33 27 52 56 27 68 19 52 67 51 
91 78 49 102 69 68 68 91 81 48 75 25 36 6 51 37 73 96 80 97 92 34 88 85 70 112 57 104 85 87 37 17 101 91 86 25 74 73 91 106 76 111 89 45 64 82 52 37 100 32 38 38 84 74 15 89 34 109 105 117 58 53 85 44 35 33 72 113 10 56 43 79 21 70 67 102 43 82 9 63 68 40 53 77 81 8 58 90 68 66 60 67 86 113 85 22 64 58 86 65 
87 74 45 96 65 63 63 86 77 44 69 19 30 9 46 33 68 91 74 92 89 32 83 80 65 107 53 99 81 82 35 11 96 86 81 20 68 70 86 100 71 106 84 39 58 78 47 31 95 27 33 32 79 70 10 84 30 104 100 111 54 47 80 38 30 31 67 107 4 51 41 75 16 66 62 96 39 77 8 58 64 36 48 74 77 2 55 84 63 63 57 64 80 108 82 21 59 53 81 59 
84 46 39 43 32 30 16 38 39 55 24 42 31 68 24 54 8 44 16 58 88 69 36 65 7 48 47 59 77 32 67 50 52 55 24 43 12 76 49 41 19 55 46 24 16 43 34 30 43 35 28 37 18 38 53 56 41 44 54 54 25 38 41 23 35 64 21 55 57 44 68 65 49 60 12 51 39 26 64 45 22 53 23 77 42 59 73 28 16 72 66 67 22 53 80 68 48 10 20 6 
61 88 82 14 74 72 58 5 78 59 21 74 64 94 66 65 45 2 49 20 65 81 7 40 36 32 45 17 55 66 77 78 9 22 23 77 50 64 12 31 24 18 11 52 34 83 43 60 12 69 62 57 35 80 79 24 80 34 11 30 68 44 11 59 73 76 61 21 85 44 74 45 73 46 33 8 80 62 88 38 64 62 66 61 82 87 69 21 58 63 60 57 27 25 59 86 40 43 43 39 
112 19 12 76 10 10 21 72 22 74 58 39 34 65 16 68 34 78 35 92 115 79 71 95 41 77 72 94 105 31 79 49 87 89 57 36 31 100 83 70 54 88 80 40 47 22 58 40 76 33 33 52 48 14 53 88 26 72 88 84 9 62 75 29 27 75 21 87 53 69 82 94 53 87 46 85 17 28 62 72 16 69 14 102 21 55 92 61 21 94 88 91 54 84 107 73 75 37 43 39 
62 67 52 42 52 50 38 32 61 34 16 39 29 59 37 36 30 37 38 43 65 52 29 44 20 55 24 48 54 55 49 43 43 38 30 42 34 54 35 49 19 52 32 17 8 65 13 24 41 35 27 23 33 59 44 38 46 53 47 58 42 16 27 26 39 47 43 53 50 22 49 43 39 37 13 43 49 49 54 22 43 34 38 54 64 52 51 32 38 49 44 44 30 54 57 54 25 15 39 17 
4 127 109 72 113 110 98 61 122 45 62 86 82 88 96 56 89 60 96 40 7 61 60 19 78 90 41 50 7 114 57 82 55 36 76 90 94 21 46 89 69 71 48 72 67 126 54 75 70 86 81 64 86 120 80 35 99 92 60 87 102 50 50 83 93 60 103 75 86 43 51 18 75 25 71 58 105 108 83 39 104 53 97 16 124 87 37 75 98 27 32 25 79 81 7 73 37 76 94 76 
77 99 4 24 50 74 70 25 50 42 85 48 39 33 85 21 17 31 10 19 46 79 66 66 36 80 42 83 90 55 0 78 90 31 38 87 2 22 73 69 57 47 40 95 44 96 39 24 92 28 44 57 86 20 59 8 93 6 56 15 54 94 33 70 62 49 26 78 64 6 98 71 41 44 14 39 93 25 47 76 98 96 59 10 35 77 57 48 78 72 69 1 70 8 30 71 20 84 43 80 